version: 1
creator: callgrind-3.11.0
pid: 26307
cmd:  um um_tests/midmark.um
part: 1


desc: I1 cache: 
desc: D1 cache: 
desc: LL cache: 

desc: Timerange: Basic block 0 - 468176064
desc: Trigger: Program termination

positions: line
events: Ir
summary: 2410879868


ob=(4) /usr/sup/valgrind-3.11.0/lib/valgrind/vgpreload_core-amd64-linux.so
fl=(51) ???
fn=(558) 0x0000000000000600
0 8
cob=(1) /usr/lib64/ld-2.17.so
cfi=(61) /usr/src/debug////////glibc-2.17-c758a686/elf/../sysdeps/x86_64/dl-trampoline.h
cfn=(243) _dl_runtime_resolve_xsave'2
calls=1 71 
0 1042
0 5
0 1
cfn=(576) 0x0000000000000570
calls=1 0 
0 9
0 3

fn=(576)
0 9

fn=(202) 0x0000000000000640
0 17

ob=(1)
fl=(14) /usr/src/debug/glibc-2.17-c758a686/string/../string/memcmp.c
fn=(30) bcmp
309 13
+3 13
-3 65
+4 13
-4 13
+7 26
+4 6
+16 2
+1 4
-1 4
129 7
-15 3
340 2
+4 1
+2 1
-2 2
+1 1
+5 24
+2 11
+1 11
+1 11
+3 138
-3 86
-2 86
+1 86
+4 172
-7 190
+12 10
+1 104
225 1
-7 1
+1 1
+4 1
+2 1
-6 1
+4 1
+2 5
-92 1
+1 1
+1 1
+1 1
+1 1
+48 1
-2 1
+1 1
+1 7
-77 1
+1 2
+4 2
-5 4
+1 8
+4 9
231 1
+2 1
-4 1
+1 1
+4 1
-2 1
+56 2
-2 1
+2 2
-1 1
+1 2
+1 2
+12 6
+1 2
-6 2

fl=(8) /usr/src/debug/glibc-2.17-c758a686/elf/../sysdeps/unix/sysv/linux/x86_64/brk.c
fn=(14) brk
31 1
-3 1
+3 6
+8 1
-6 2
+7 1

fl=(35) /usr/src/debug/glibc-2.17-c758a686/misc/../sysdeps/unix/sysv/linux/wordsize-64/mmap.c
fn=(118) mmap
32 8
+1 8
-1 72
+1 20
+1 80
+2 56
-3 18

fl=(31) /usr/src/debug////////glibc-2.17-c758a686/setjmp/../sysdeps/x86_64/setjmp.S
fn=(98) __sigsetjmp
26 3
+9 3
+1 6
+1 3
+4 3
+1 3
+1 3
+1 3
+1 3
+2 6
+2 3
+1 3
+1 3
+2 6
+2 3
+4 3
+1 3

fl=(1) ???
fn=(0) 0x0000000000001140
0 2
cfi=(2) /usr/src/debug/glibc-2.17-c758a686/elf/rtld.c
cfn=(2) _dl_start
calls=1 430 
0 139121
0 14
cfi=(50) /usr/src/debug/glibc-2.17-c758a686/elf/dl-init.c
cfn=(196) _dl_init
calls=1 90 
0 2251
0 3
cob=(5) /comp/40/bin/um
cfi=(60) ???
cfn=(234) 0x0000000000400ab0
calls=1 0 
0 2410738477

fl=(6) /usr/src/debug/glibc-2.17-c758a686/elf/dl-lookup.c
fn=(10) _dl_setup_hash
865 12
+4 2
+4 4
+2 2
-1 2
+4 2
+4 2
-4 2
+1 4
+2 2
-2 2
+3 2
+2 2
+1 2
+1 8
+1 2
+3 6
+2 2
+2 2
+2 2
+1 2
+1 2
-4 2
+4 4

fn=(168) check_match.9525
132 5180
+1 1480
+2 1480
+2 1137
-2 758
+12 1137
+3 1974
cfi=(19) /usr/src/debug////////glibc-2.17-c758a686/string/../sysdeps/x86_64/strcmp.S
cfn=(54) strcmp
calls=304 -18 
* 5241
* 608
+5 109
-1 109
+1 109
-1 109
+1 109
+2 208
+19 208
+1 832
+2 5
+44 648
-18 10
+2 10
+1 20
-1 10
+1 5
-1 10
+9 271
+7 3792
-45 309
cfi=(19)
cfn=(54)
calls=103 -46 
* 8928
* 412
-43 722
+81 1083

fn=(164) do_lookup_x
82 1017
+1 113
-6 113
+5 339
-5 791
+11 113
+1 113
233 113
-3 113
+3 113
-3 339
98 113
-3 113
+1 113
+2 113
+3 113
-3 113
+3 113
-3 226
-3 226
+1 226
+2 226
+3 226
-3 226
+3 226
+4 696
+4 672
+4 672
+7 1008
+4 672
+1 1008
226 336
+1 672
+4 240
-2 120
+5 480
+4 240
-1 240
+1 120
-1 240
+21 19
+24 456
462 1296
+1 235
cfi=(32) /usr/src/debug/glibc-2.17-c758a686/elf/dl-misc.c
cfn=(104) _dl_name_match_p
calls=47 304 
* 1969
* 282
+3 693
+3 10
287 804
+4 261
+13 108
+1 108
-1 108
+1 108
+1 108
470 904
241 408
-1 204
+2 204
+2 306
+10 306
-7 1015
+2 204
+1 408
-1 612
+1 306
cfn=(168)
calls=102 132 
* 16121
+1 513
+11 1276
+6 1092
+2 2524
-2 631
+2 631
-2 631
+4 4466
cfn=(168)
calls=638 132 
* 20902
+1 3197
-10 113
fi=(41) /usr/src/debug/glibc-2.17-c758a686/elf/../sysdeps/generic/dl-hash.h
32 113
-1 113
+1 565
+2 226
+1 339
+2 226
+1 339
+2 226
+1 339
+2 105
+1 105
-1 105
+2 315
+3 2499
+1 1666
+13 1666
-17 2499
+22 630
fe=(6)
263 210
fi=(41)
67 40
fe=(6)
263 16

fn=(162) _dl_lookup_symbol_x
716 1356
477 113
716 226
477 339
-1 226
+2 113
-1 113
+1 339
-1 339
+1 1277
-1 1277
+1 3831
-1 4057
718 113
+4 113
+9 113
-13 113
+15 113
-14 226
+14 113
-2 113
+6 904
+2 1469
cfn=(164)
calls=113 82 
* 88947
+3 226
+3 5
-8 20
-7 226
+40 226
+24 108
+1 756
+26 108
+9 540
+14 324
+3 432
+5 108
+2 904
-82 35
+18 5
+1 10
+54 2

fl=(22) /usr/src/debug////////glibc-2.17-c758a686/posix/../sysdeps/unix/syscall-template.S
fn=(62) uname
81 4
+1 1

fl=(15) /usr/src/debug/glibc-2.17-c758a686/elf/dl-object.c
fn=(48) _dl_add_to_namespace_list
33 6
+2 3
-2 9
+2 3
cfi=(2)
cfn=(50) rtld_lock_default_lock_recursive
calls=3 787 
* 6
+2 22
+4 3
-1 15
+2 2
+2 2
+4 2
+4 2
-4 4
+1 4
+1 4
+2 2
+1 6
-1 2
cfi=(2)
cfn=(52) rtld_lock_default_unlock_recursive
calls=2 793 
* 4
-4 1
+4 1
-4 2
+1 2
+1 2
+2 1
+1 3
-1 1
cfi=(2)
cfn=(52)
calls=1 793 
* 2
-5 2

fn=(32) _dl_new_object
62 33
+1 3
-1 6
+1 3
cfi=(10) /usr/src/debug////////glibc-2.17-c758a686/string/../sysdeps/x86_64/rtld-strlen.S
cfn=(20) strlen
calls=3 -37 
* 139
+6 3
-6 9
+6 33
+7 12
cfi=(17) /usr/src/debug/glibc-2.17-c758a686/elf/dl-minimal.c
cfn=(36) calloc
calls=3 +26 
* 182
* 3
+3 3
-3 3
+3 3
+4 3
+5 3
-6 3
+6 3
-5 3
+5 3
-1 6
+1 3
cfi=(18) /usr/src/debug////////glibc-2.17-c758a686/string/../sysdeps/x86_64/memcpy.S
cfn=(46) memcpy
calls=3 -27 
* 97
* 3
+4 3
-2 3
+3 3
-1 3
+1 12
+3 3
-3 3
+3 3
+9 3
-7 3
+4 3
+3 8
+2 2
-2 2
+2 30
-2 30
+12 3
+6 3
-5 3
-1 3
+6 9
-2 3
+2 6
+2 6
+3 7
+4 6
+4 6
+2 1
+6 1
+3 2
+3 5
-3 4
+3 10
+2 2
+4 2
-4 2
cfi=(10)
cfn=(20)
calls=2 26 
* 144
* 4
+4 2
-4 2
+4 6
+64 4
+4 24
-88 6
-39 7
+39 3
+70 6
cfi=(18)
cfn=(68) mempcpy
calls=2 61 
* 85
* 2
+5 40
+1 40
-1 40
+1 42
-1 2
+1 6
+5 4
-57 4
cfi=(17)
cfn=(40) malloc
calls=2 -67 
* 68
* 2
+1 2
-1 2
+1 6

fl=(13) /usr/src/debug/glibc-2.17-c758a686/elf/dl-environ.c
fn=(28) _dl_next_ld_env_entry
30 3
+3 11
+2 94
+11 45
-13 135
-2 1
+19 1
-14 20
+5 2
-3 2
+3 2
+2 2

fl=(11) /usr/src/debug/glibc-2.17-c758a686/elf/../misc/sbrk.c
fn=(22) sbrk
34 4
+8 6
+4 2
+11 5

fl=(39) /usr/src/debug/glibc-2.17-c758a686/elf/dl-version.c
fn=(144) _dl_check_all_versions
381 6
+4 4
-2 2
+4 28
cfn=(146) _dl_check_map_versions
calls=4 174 
* 2231
-2 4
+2 12
-1 4
-1 8
+5 7

fn=(146)
174 36
+15 4
-15 8
+15 8
+2 4
+3 4
-3 4
+2 4
+1 4
+2 4
-3 4
+3 4
+3 8
+4 12
+17 2
56 2
220 2
56 2
220 2
56 10
+1 5
-1 10
+2 21
cfi=(32)
cfn=(104)
calls=7 304 
* 510
* 16
228 6
+5 16
+20 1
-16 38
cfn=(148) match_symbol
calls=1 76 
* 135
* 6
cfn=(148)
calls=2 76 
* 302
* 3
+8 12
+3 13
+9 8
-74 2
-8 2
+96 12
+3 6
+10 25
-7 100
+3 75
-3 8
+3 6
+8 4
+86 4
-86 4
+87 8
-81 12
cfi=(17)
cfn=(36)
calls=3 102 
* 129
* 3
+1 3
-2 3
+2 3
+11 3
-3 3
+3 6
+2 9
+3 8
+4 6
+18 1
-15 3
+2 3
-2 6
+2 6
+2 3
+1 3
-1 6
+1 3
-1 3
+1 3
+1 3
-2 3
+2 6
+1 9
+3 9
+8 6
+10 9
+3 8
+20 25
-14 25
-2 25
+2 27
-2 2
+2 2
+4 25
+2 25
-1 50
+1 25
-1 75
+1 25
+1 25
+3 81
+10 3
-1 3
+1 21

fn=(148)
76 33
+9 3
-8 3
-1 6
+1 3
+8 3
+6 9
+18 6
+5 6
+14 20
+12 21
+4 7
-30 14
+16 3
+3 12
cfi=(19)
cfn=(54)
calls=3 -1 
* 258
* 6
+35 24

fl=(9) /usr/src/debug/glibc-2.17-c758a686/elf/../sysdeps/x86/cpu-features.c
fn=(18) init_cpu_features.constprop.0
39 1
+7 1
-7 5
+7 1
-7 1
+10 1
-3 1
+3 5
188 2
+1 7
+7 3
+4 2
+2 4
+41 2
+4 4
+1 2
+3 1
+2 1
-2 3
+2 2
+3 2
+51 1
+1 1
+1 1
+1 8
206 2
+1 1
+6 3
+2 1
+3 3
+16 2
+1 1
+2 2
60 1
-31 2
+4 1
-4 1
+5 1
-1 1
+31 1
-30 1
+30 1
-31 1
+27 2
-26 1
+30 1
+1 1
-36 2
+3 1
+28 1
+5 1
+5 1
-17 1
+17 1
+3 1
+1 7
+67 5
-32 2
+22 3
+23 1
53 2

fl=(2)
fn=(96) _dl_initial_error_catch_tsd
747 8

fn=(52)
793 10

fn=(90) handle_ld_preload
840 9
+1 1
-76 1
+86 1
-11 2
-75 6
+80 3
fi=(29) /usr/src/debug/glibc-2.17-c758a686/elf/../string/bits/string2.h
984 3
+1 5
-1 264
+1 132
+1 66
-2 66
+2 66
-2 199
+2 1
-2 3
fe=(2)
849 3
+10 4
108 3
862 2
760 1
+5 5
-10 1
+4 1
+1 1
+1 1
+2 1
+2 1
cfi=(30) /usr/src/debug/glibc-2.17-c758a686/elf/dl-error.c
cfn=(94) _dl_catch_error
calls=1 159 
* 2664
+1 2
+8 3
+89 1
-18 3
+21 9
-15 4
cfi=(18)
cfn=(46)
calls=1 61 
* 69
* 1
+1 3

fn=(50)
787 10

fn=(150) init_tls
678 1
-1 1
-6 1
+2 2
+4 1
+10 2
-4 1
+4 2
cfi=(17)
cfn=(36)
calls=1 102 
* 91
* 1
-1 1
+6 1
-9 1
+11 1
+6 1
-1 1
+1 10
+2 8
+4 1
+2 1
-2 2
-5 8
+12 1
cfi=(28) /usr/src/debug/glibc-2.17-c758a686/elf/../elf/dl-tls.c
cfn=(152) _dl_determine_tlsoffset
calls=1 144 
* 56
+7 1
cfi=(28)
cfn=(154) _dl_allocate_tls_storage
calls=1 349 
* 455
+1 1
-1 1
+1 1
+6 1
+4 1
-4 1
+4 6
+3 2
+3 2

fn=(2)
430 9
+18 4
fi=(3) /usr/src/debug/glibc-2.17-c758a686/elf/get-dynamic-info.h
44 1
fe=(2)
448 1
fi=(5) /usr/src/debug/glibc-2.17-c758a686/elf/../sysdeps/x86_64/dl-machine.h
59 3
fi=(3)
-15 1
fe=(2)
474 1
-3 1
fi=(3)
44 1
+17 2
-3 1
-7 1
+5 1
+3 1
+2 1
-3 1
-3 1
-3 2
-5 28
+15 14
-18 42
+18 1
-18 3
+2 40
+5 24
+1 20
+10 5
-18 15
+25 2
+20 4
+1 4
+1 4
+1 4
+2 4
+5 4
+1 4
+1 4
fe=(2)
496 34
fi=(4) /usr/src/debug/glibc-2.17-c758a686/elf/do-rel.h
111 1
-28 1
+28 2
fi=(5)
498 3
fi=(4)
111 2
fi=(5)
498 1
fi=(4)
111 1
fi=(5)
498 27
fi=(4)
111 18
fi=(5)
498 9
fi=(4)
111 9
+13 1
fi=(5)
310 1
fi=(4)
124 2
+13 1
+2 2
-2 1
fi=(5)
264 1
fi=(4)
137 1
fi=(5)
292 1
fi=(4)
137 2
fi=(5)
292 1
fi=(4)
137 8
+2 16
-2 8
fi=(5)
264 8
fi=(4)
137 8
fi=(5)
292 8
fi=(4)
137 16
fi=(5)
292 8
+9 18
+3 9
-3 18
+3 27
+6 54
fi=(3)
53 4
+3 4
+3 4
+1 1
+1 2
fe=(2)
378 1
498 1
378 1
cfi=(6)
cfn=(10)
calls=1 865 
* 23
+1 2
+1 2
+1 2
+1 2
+9 1
+9 1
-9 3
+9 1
-6 1
-3 1
+9 1
cfi=(7) /usr/src/debug/glibc-2.17-c758a686/elf/../elf/dl-sysdep.c
cfn=(12) _dl_sysdep_start
calls=1 86 
* 138412
* 1
+9 4
+3 1
+4 1
-4 1
+4 1
523 9
fi=(5)
399 9
+9 9
fi=(4)
124 28
fe=(2)

fn=(24) dl_main
875 10
+19 1
2464 1
875 1
2464 1
875 1
+19 1
+3 1
-22 2
+22 1
+4 2
+1 2
+5 2
2457 2
+7 1
-5 1
+5 4
+5 1
cfi=(12) /usr/src/debug/glibc-2.17-c758a686/elf/dl-tunables.c
cfn=(26) _dl_process_tunable_env_entries
calls=1 37 
* 301
* 1
-9 4
+11 2
cfi=(13)
cfn=(28)
calls=1 30 
* 180
* 4
cfi=(13)
cfn=(28)
calls=2 30 
* 138
* 9
+4 48
+1 19
-1 57
+3 4
+6 16
2632 3
+30 3
915 2
-2 1
+2 1
1111 7
cfi=(15)
cfn=(32)
calls=1 62 
* 244
* 1
+3 1
+1 1
+5 2
-5 1
+1 1
884 1
1116 1
+4 1
cfi=(15)
cfn=(48)
calls=1 33 
* 34
* 3
+30 1
-3 1
-5 1
+1 1
+2 1
+5 6
+56 2
881 1
1206 2
-55 24
-1 24
+1 39
-1 2
1253 3
+3 2
+2 2
+2 2
+13 2
+1 8
cfi=(19)
cfn=(54)
calls=1 132 
* 7
* 3
+11 1
-4 1
+1 1
-3 1
+6 1
+6 2
fi=(3)
29 1
+9 2
+6 1
-2 1
+2 2
+7 1
+5 1
+3 1
+2 1
-3 1
-3 1
-3 14
+10 3
-18 9
+8 16
+10 16
-18 48
+2 38
+5 12
+18 3
+67 3
+14 3
+18 2
fe=(2)
1296 2
cfi=(6)
cfn=(10)
calls=1 865 
* 14
+3 2
fi=(20) /usr/src/debug/glibc-2.17-c758a686/elf/setup-vdso.h
24 2
fe=(2)
1321 1
cfi=(21) /usr/src/debug/glibc-2.17-c758a686/elf/../sysdeps/unix/sysv/linux/dl-sysdep.c
cfn=(60) _dl_discover_osversion
calls=1 45 
* 93
* 8
1155 3
+1 1
+86 2
+1 1
-37 2
-1 2
+1 4
-1 2
+2 4
+1 1
+3 2
+1 2
-1 2
+1 2
+1 2
+1 6
+1 2
-45 1
+9 1
-9 1
+9 1
-7 1
+25 1
-25 1
-3 1
+10 1
-19 3
+1 1
2559 4
+1 4
cfi=(14)
cfn=(30)
calls=1 309 
* 120
* 2
+2 3
-57 4
cfi=(14)
cfn=(30)
calls=1 309 
* 26
* 2
+7 4
cfi=(14)
cfn=(30)
calls=1 309 
* 80
* 2
+2 3
1326 2
cfi=(23) /usr/src/debug/glibc-2.17-c758a686/elf/dl-load.c
cfn=(64) _dl_init_paths
calls=1 739 
* 5322
+3 3
cfi=(27) /usr/src/debug/glibc-2.17-c758a686/elf/dl-debug.c
cfn=(84) _dl_debug_initialize
calls=1 51 
* 17
+7 1
-7 1
+2 1
+5 1
+3 3
+1 1
+3 1
-3 3
+1 2
+3 1
+5 1
-7 1
+7 1
+1 5
+4 1
+4 1
-2 4
+1 2
+1 3
+5 2
+1 6
+2 2
+1 2
+5 2
+6 4
+1 2
-2 1
890 1
1558 1
cfi=(28)
cfn=(86) _dl_count_modids
calls=1 111 
* 4
* 1
+8 3
+3 2
+4 3
+7 1
+4 3
+19 3
+16 3
cfi=(33) /usr/src/debug////////glibc-2.17-c758a686/io/../sysdeps/unix/syscall-template.S
cfn=(126) access
calls=1 81 
* 9
* 2
+77 4
+17 3
+1 1
-1 1
+1 2
-1 1
+1 5
cfi=(37) /usr/src/debug/glibc-2.17-c758a686/elf/dl-deps.c
cfn=(128) _dl_map_object_deps
calls=1 147 
* 8602
+1 1
+5 1
-5 3
+2 2
+3 4
+1 4
-1 2
+1 12
-1 6
+4 3
+1 3
+1 1
+2 2
+1 5
-1 4
+1 4
-1 6
-28 11
168 2
1742 1
-1 2
+1 1
+2 1
+2 3
+2 1
-4 1
+4 2
+15 2
+1 3
+13 1
-2 1
+2 1
-2 1
+2 1
-1 1
-1 2
+2 1
cfi=(30)
cfn=(140) _dl_receive_error
calls=1 197 
* 2346
+10 1
+1 1
-1 1
+1 1
+1 1
cfn=(150)
calls=1 678 
* 668
* 1
+2 2
802 1
fi=(111) /usr/src/debug/glibc-2.17-c758a686/elf/../sysdeps/unix/sysv/linux/dl-osinfo.h
86 2
fe=(2)
804 1
fi=(111)
112 1
fe=(2)
813 1
+7 1
-5 1
1796 2
2029 3
+56 1
+4 1
+7 1
-11 1
+4 3
+4 2
+3 1
+8 2
+99 4
+2 1
+5 2
cfi=(28)
cfn=(188) _dl_allocate_tls_init
calls=1 443 
* 254
+4 2
+12 2
+29 1
cfi=(7)
cfn=(190) _dl_sysdep_start_cleanup
calls=1 251 
* 1
+4 3
+20 3
cfi=(27)
cfn=(84)
calls=1 51 
* 8
+1 1
-1 1
+2 1
cfi=(27)
cfn=(88) _dl_debug_state
calls=1 75 
* 1
+1 1
+4 1
cfi=(49) /usr/src/debug/glibc-2.17-c758a686/elf/dl-cache.c
cfn=(192) _dl_unload_cache
calls=1 316 
* 5
+5 8
1315 3
1605 3
+1 1
-1 2
+1 1
cfn=(90)
calls=1 840 
* 3611
* 1
+1 4
+2 3
-31 2
+1 1
cfi=(27)
cfn=(88)
calls=1 75 
* 1
* 1
2226 2
+15 1
+3 1
-3 1
+3 1
-3 2
+3 2
-3 1
+2 1
+1 1
cfi=(40) /usr/src/debug/glibc-2.17-c758a686/elf/dl-reloc.c
cfn=(156) _dl_relocate_object
calls=1 148 
* 9713
+1 4
+2 3
2079 1
883 2
1739 2
2150 3
+7 1
+2 11
+2 1
+2 12
+5 8
+2 8
+8 4
-2 4
+2 8
+1 24
cfi=(40)
cfn=(156)
calls=3 148 
* 104876
+4 14
-22 12
+25 4
+2 1
+6 1
-6 1
+6 1
1700 6
+1 1
-1 2
+4 1
+1 1
-1 1
+2 2
2172 1
+1 1
-3 2
+14 2
cfi=(28)
cfn=(186) _dl_add_to_slotinfo
calls=1 879 
* 24
* 1

fn=(142) version_check_doit
611 2
+2 4
cfi=(39)
cfn=(144)
calls=1 381 
* 2306
* 2
+4 2

fn=(100) map_doit
579 2
+2 7
cfi=(23)
cfn=(102) _dl_map_object
calls=1 2131 
* 2594
* 1
+2 2

fl=(49)
fn=(192)
316 4
+5 1

fl=(30)
fn=(94)
159 21
+9 3
+2 3
cfi=(2)
cfn=(96)
calls=3 747 
* 6
* 3
+1 3
+2 6
-2 3
+2 3
cfi=(31)
cfn=(98)
calls=3 26 
* 60
+1 6
+2 6
+1 6
-1 3
+1 3
cfi=(37)
cfn=(132) openaux
calls=2 60 
* 6966
cfi=(2)
cfn=(100)
calls=1 579 
* 2606
+1 3
+4 3
-4 3
+1 6
+1 6
+1 6
+10 12

fn=(140)
197 10
+1 1
cfi=(2)
cfn=(96)
calls=1 747 
* 2
+5 1
-1 1
-4 1
+9 1
+2 1
-3 1
+3 1
cfi=(2)
cfn=(142)
calls=1 611 
* 2316
+2 1
+1 1
+1 8

fl=(50)
fn=(196)
90 10
+5 1
-4 1
-1 1
+2 1
+3 2
+7 6
+28 3
+1 4
-97 3
+97 12
-97 9
+9 3
-3 6
+3 9
+5 6
+5 2
+8 2
+2 2
+4 4
cob=(3) /usr/lib64/libc-2.17.so
cfi=(52) /usr/src/debug/glibc-2.17-c758a686/csu/../csu/init-first.c
cfn=(210) _init
calls=1 -15 
* 147
+4 1
+1 2
+6 2
+2 2
-2 1
+3 6
+1 4
cob=(3)
cfi=(57) /usr/src/debug/glibc-2.17-c758a686/libio/vtables.c
cfn=(220) check_stdfiles_vtables
calls=1 -1 
* 11
* 4
cob=(3)
cfi=(58) /usr/src/debug/glibc-2.17-c758a686/string/../sysdeps/x86_64/cacheinfo.c
cfn=(222) init_cacheinfo
calls=1 478 
* 1879
* 2
-1 7
+49 8
+4 1
+1 8
-86 4
-15 3
+9 1
-3 2
+3 3
+5 3
+5 2
+8 2
+2 2
+4 5
cob=(2) ???
cfi=(16) ???
cfn=(198) 0x0000000004a24510
calls=1 -67 
* 6
* 1
+4 1
+1 2
+6 2
+2 2
-2 1
+3 6
+1 4
cob=(4)
cfi=(51)
cfn=(202)
calls=1 -82 
* 17
* 1
-1 4
+17 2
-54 3

fl=(12)
fn=(26)
37 1
-8 1
+8 1
+1 4
+4 97
+1 1
-1 4
+3 2
+12 47
-19 141
+22 2

fl=(62) /usr/src/debug/glibc-2.17-c758a686/elf/../elf/dl-runtime.c
fn=(244) _dl_fixup
66 28
+6 28
-6 14
+3 14
-1 14
+1 14
+3 14
+1 14
-1 28
+1 42
+1 14
-1 14
+1 28
+9 28
+4 42
+4 26
+1 52
+2 52
+7 42
-1 14
+11 126
cfi=(6)
cfn=(162)
calls=14 716 
* 14810
* 14
+4 42
+10 84
+16 14
-8 14
+8 42
+4 42
fi=(5)
+88 14
fe=(62)
-84 42
-64 2
fi=(97) /usr/src/debug/glibc-2.17-c758a686/elf/../sysdeps/x86_64/dl-irel.h
-53 1
cob=(3)
cfi=(48) ???
cfn=(184) memcpy@GLIBC_2.2.5
calls=1 -32 
* 15
* 1
fe=(62)

fl=(36) /usr/src/debug////////glibc-2.17-c758a686/misc/../sysdeps/unix/syscall-template.S
fn=(120) mprotect
81 20
+1 5

fl=(7)
fn=(12)
86 7
+25 1
-1 1
+1 1
-25 1
+25 150
+6 1
-3 1
+1 1
-4 1
+3 1
+3 4
+1 6
-1 3
-29 1
-1 2
+31 108
-1 86
fi=(21)
-82 2
cfi=(8)
cfn=(14)
calls=1 -4 
* 12
fi=(5)
221 5
+4 1
cfi=(9)
cfn=(18)
calls=1 39 
* 122
fe=(7)
+1 3
+1 1
cfi=(10)
cfn=(20)
calls=1 26 
* 41
* 1
+2 2
cfi=(11)
cfn=(22)
calls=1 34 
* 17
* 3
+12 3
+3 6
cfi=(2)
cfn=(24)
calls=1 875 
* 137790
+2 9
-67 1
+1 1
-29 1
+1 1
+11 1
+1 1
-7 1
+1 1
-4 1
+1 1
-25 1
+1 1
-4 1
+1 1
-7 1
+1 1
+2 1
+1 1

fn=(190)
251 1

fl=(17)
fn=(80) free
121 8
-2 16
+2 8
+7 10
-3 12
cfi=(26) /usr/src/debug////////glibc-2.17-c758a686/string/../sysdeps/x86_64/rtld-memset.S
cfn=(82) memset
calls=3 -95 
* 57
+1 3
+2 6

fn=(36)
102 8
+7 24
-3 8
+3 16
+4 8
cfn=(40)
calls=8 -20 
* 373
* 8

fn=(44) __libc_memalign
51 116
+1 143
+11 28
+1 28
-1 28
+3 28
-3 28
+3 56
-3 1
+1 1
-1 1
+3 1
-3 1
+3 106
+4 12
+1 9
+6 21
cfi=(35)
cfn=(118)
calls=3 -45 
* 99
+2 15
+4 9
+3 3
+1 3
+2 15
-3 26
+1 26
+2 208
-31 3
+1 1
-2 3

fn=(72) strsep
337 7
+1 14
+4 180
+7 420
-2 290
+4 10
+6 70
-15 211
+18 1
+4 1
-4 5
+4 6
-11 10
+1 5

fn=(40)
93 28
+1 56
cfn=(44)
calls=28 -43 
* 941
* 28

fl=(61)
fn=(242) _dl_runtime_resolve_xsave
71 1
+3 1
+2 1
+10 1
+6 1
+1 1
+1 1
+1 1
+1 1
+1 1
+1 1
+4 1
+1 1
+3 1
+1 1
+2 1
+1 1
+1 1
+1 1
+1 1
+1 1
+2 1
+13 1
+1 1
+1 1
cfi=(62)
cfn=(244)
calls=1 -65 
* 1427
+1 1
+5 1
+1 1
+1 1
+2 1
+1 1
+1 1
+1 1
+1 1
+1 1
+1 1
+2 1
+2 1
+4 1
+3 1

fn=(243)
71 13
+3 13
+2 13
+10 13
+6 13
+1 13
+1 13
+1 13
+1 13
+1 13
+1 13
+4 13
+1 13
+3 13
+1 13
+2 13
+1 13
+1 13
+1 13
+1 13
+1 13
+2 13
+13 13
+1 13
+1 13
cfi=(62)
cfn=(244)
calls=13 -65 
* 14358
+1 13
+5 13
+1 13
+1 13
+2 13
+1 13
+1 13
+1 13
+1 13
+1 13
+1 13
+2 13
+2 13
+4 13
+3 13

fl=(34) /usr/src/debug/glibc-2.17-c758a686/io/../sysdeps/unix/sysv/linux/wordsize-64/fxstat.c
fn=(116) _fxstat
35 2
-1 2
+1 2
+1 12
+4 2

fl=(10)
fn=(20)
26 21
+1 21
+1 21
+1 21
+2 7
+1 7
+2 7
+1 7
-1 5
+1 5
+1 11
+1 11
+1 11
+2 40
+5 20
+1 20
+1 20
+1 20
+3 20
-6 8
+1 8
+1 8
+1 8
+3 8
+1 23
+1 23
+1 23
+2 23
+3 22
+1 22
+1 22
+1 22
+3 22
+1 15
+1 15
+1 15
+2 15
+3 9
+1 9
+1 9
+1 9
+3 9
+1 8
+1 8
+1 8
+2 8
+3 8
+1 8
+1 8
+1 8
+3 8
+1 8
+1 8
+1 8
+2 8
+3 20
+2 20
+1 20
+1 19
+2 19
+1 19
+1 16
+2 16
+1 16
+1 15
+2 15
+1 15
+1 10
+2 10
+2 10
+1 10
+1 6
+2 6
+1 6
+1 6
+2 6
+1 6
+1 1
+2 1
+1 1
-1 20
+1 20

fl=(21)
fn=(60)
45 7
+2 3
+85 8
-45 3
cfi=(22)
cfn=(62)
calls=1 -6 
* 5
* 1
+15 1
-15 1
+20 1
-1 1
+3 12
+4 3
-2 6
+2 10
+2 1
+1 2
-3 4
+7 3
-1 3
+4 3
-2 3
+2 10
+5 2

fl=(23)
fn=(130) _dl_dst_count
282 2
+3 2
-3 8
+3 2
cfi=(25) /usr/src/debug////////glibc-2.17-c758a686/string/../sysdeps/x86_64/rtld-strchr.S
cfn=(76) index
calls=2 38 
* 130
+3 2
-3 2
+3 2
+1 2
+19 12

fn=(64)
739 1
+13 2
-13 8
+13 3
cfi=(24) /usr/src/debug/glibc-2.17-c758a686/elf/dl-hwcaps.c
cfn=(66) _dl_important_hwcaps
calls=1 39 
* 346
+5 1
-5 1
+5 1
cfi=(17)
cfn=(40)
calls=1 93 
* 34
* 1
+1 1
-1 1
-1 1
+2 1
+8 1
-1 1
+1 1
-1 4
+5 4
cfi=(17)
cfn=(40)
calls=1 93 
* 34
* 1
+2 1
-2 1
-1 1
+3 1
+7 1
+10 1
+9 1
-20 1
+12 1
-1 1
+3 1
+1 1
-1 1
+6 9
+1 10
+2 2
-12 1
+12 1
-14 1
+2 1
+3 1
-2 1
+3 1
-1 8
+1 3
+6 11
-1 2
+14 1
-11 1
+6 1
+1 1
+5 2
+4 3
+38 4
-19 1
-2 1
+2 2
+21 2
cfi=(10)
cfn=(20)
calls=1 26 
* 116
* 20
cfi=(18)
cfn=(46)
calls=1 61 
* 79
+5 1
-5 1
+5 3
-1 2
+2 1
+1 3
-2 4
+1 74
+1 222
-2 297
+5 1
cfi=(17)
cfn=(40)
calls=1 93 
* 34
* 1
+1 1
-2 1
+2 1
+6 7
cfn=(70) fillin_rpath
calls=1 504 
* 3905
+3 3
+6 1
+4 8
-37 2
-52 2

fn=(106) open_verify
1690 182
+36 39
+21 52
cfi=(33)
cfn=(108) open
calls=13 81 
* 109
+1 13
-1 13
+1 13
+11 2
+1 4
+5 12
cfi=(33)
cfn=(110) read
calls=2 81 
* 10
+2 4
+2 2
+2 2
-2 2
+2 2
-2 2
+8 4
+16 10
cfi=(14)
cfn=(30)
calls=2 309 
* 173
* 4
+2 2
-2 4
+4 8
cfi=(14)
cfn=(30)
calls=2 309 
* 160
-4 4
+60 4
+5 4
+2 2
+1 6
+5 4
+11 4
+7 10
+1 8
+1 2
+15 8
1753 4
1901 88
+1 29
+4 3
+1 1
-1 1
+29 1
+1 1
+2 1
-3 1
+1 1
-1 1
+1 1
-2 1
+4 2
+5 1
+1 1
-13 4
cfi=(14)
cfn=(30)
calls=1 309 
* 73
* 4
cfi=(14)
cfn=(30)
calls=1 309 
* 80
* 4
+16 2
+6 1
-3 1
+1 1
+1 1
+1 2
+11 4
cfi=(17)
cfn=(80)
calls=2 121 
* 12
* 2
* 2
+4 27
1738 11
1968 77
-14 3
-4 1
+1 1
+1 1
-1 3
-1 1
+4 2
1793 4
cfi=(14)
cfn=(30)
calls=1 309 
* 88
* 2

fn=(112) _dl_map_object_from_fd
925 22
+11 2
-11 2
+11 2
-11 6
+11 2
cfi=(27)
cfn=(84)
calls=2 51 
* 16
+4 6
-4 2
+4 2
cfi=(34)
cfn=(116)
calls=2 35 
* 20
* 4
+11 14
+1 6
-1 15
+1 20
476 2
1642 16
969 4
+25 4
+10 4
+22 2
-89 2
+89 6
+35 14
cfi=(15)
cfn=(32)
calls=2 62 
* 1069
+1 2
-1 2
+1 2
+11 4
+5 2
-5 2
+1 4
+1 2
+2 2
-2 2
+2 8
+1 6
+1 2
+24 38
+8 2
-8 4
+8 2
-8 6
+8 2
+99 2
1104 2
1210 2
1105 2
-11 2
1210 4
+8 8
1112 32
-1 128
+1 91
+6 4
+1 6
+1 2
+9 20
+6 8
+1 4
-1 16
+7 16
+11 4
+2 4
-1 4
+4 4
-5 4
+1 4
-1 8
+2 4
-1 4
+2 4
+3 4
+4 4
-9 4
+2 4
+1 4
+1 4
+1 4
+4 4
+1 6
+5 4
-16 2
+16 10
+10 2
-10 4
-16 2
+16 10
+10 2
+3 3
+5 1
-1 1
+3 1
-1 1
-1 1
+1 1
+3 3
+1 2
+3 2
+4 4
+6 1
cfi=(28)
cfn=(138) _dl_next_tls_modid
calls=1 52 
* 6
* 2
+1 1
+60 4
+1 6
+1 2
-6 4
+1 2
1123 2
+1 5
1271 6
+13 16
+2 4
+14 2
+5 12
cfi=(35)
cfn=(118)
calls=2 32 
* 70
+4 2
-4 2
+4 2
+7 2
+1 2
-1 2
+1 2
+2 2
-3 2
+1 2
+2 2
+10 2
+2 2
+33 12
+1 6
+2 8
+8 16
+6 2
+2 2
-2 2
+1 2
+2 2
-1 2
+1 2
-1 6
+8 4
+3 4
+11 14
cfi=(26)
cfn=(82)
calls=2 30 
* 1908
+1 10
+5 4
+15 4
-74 20
+2 8
+2 16
cfi=(35)
cfn=(118)
calls=2 32 
* 62
* 4
1074 2
1430 8
+9 4
fi=(3)
38 2
fe=(23)
1439 2
fi=(3)
38 2
+6 2
-2 2
+2 4
+7 2
+5 2
+3 2
-1 2
-3 2
-3 40
+10 9
-18 27
+8 36
+10 36
-18 108
+18 1
-18 3
+2 92
+5 40
+2 4
+16 4
+20 8
+1 8
+1 8
+1 8
+2 8
+5 8
+1 7
+1 7
+35 6
+5 1
+2 1
-2 1
+2 1
+2 2
+2 2
+1 1
+2 6
+10 2
-8 4
+9 4
-1 2
+5 4
+1 2
+2 4
fe=(23)
1445 4
+16 6
+19 4
+2 10
+51 6
+1 2
+3 2
cfi=(33)
cfn=(124) close
calls=1 81 
* 5
* 2
cfi=(33)
cfn=(124)
calls=1 81 
* 5
* 4
+8 10
+3 6
+2 2
-2 2
+2 2
+16 4
cfi=(6)
cfn=(10)
calls=2 865 
* 37
+4 4
+1 4
+17 4
+1 1
+3 1
+6 1
-6 1
+1 2
+5 1
-6 1
+6 1
-6 1
+1 2
+5 1
+10 4
+10 6
cfi=(15)
cfn=(48)
calls=2 33 
* 84
+4 6
fi=(3)
56 4
fe=(23)
1326 2
-1 10
cfi=(36)
cfn=(120)
calls=2 81 
* 10
* 2
fi=(3)
59 4
+1 1
+1 4
fe=(23)
1368 5
+2 1
-1 3
+1 2
-1 1
+1 2
-1 2
+3 4
+43 8
cfi=(35)
cfn=(118)
calls=1 32 
* 31
+3 2
1545 4

fn=(134) open_path
1982 8
+1 1
-1 5
+7 1
-7 1
+1 1
+6 2
+5 17
+66 1
-66 1
-7 1
-1 1
+8 1
+66 2
+8 2
-22 5
-40 1
-9 1
+9 3
-9 2
+9 2
+7 12
cfi=(18)
cfn=(68)
calls=3 61 
* 85
+1 3
-1 3
+1 9
-13 6
+33 24
+1 1
+23 1
+2 3
-46 11
+3 24
+4 96
cfi=(18)
cfn=(68)
calls=12 61 
* 255
* 48
cfi=(18)
cfn=(68)
calls=12 61 
* 276
* 12
+3 12
+3 24
+3 96
cfn=(106)
calls=12 1690 
* 1094
* 12
+2 36
+7 22
+1 99
+6 22
+2 33
-2 11
+2 11
cfi=(38) /usr/src/debug/glibc-2.17-c758a686/io/../sysdeps/unix/sysv/linux/wordsize-64/xstat.c
cfn=(136) _xstat
calls=11 35 
* 134
* 22
+1 3
+2 3
-2 3
+2 24
+7 6
-44 6
+37 16
+7 16
-44 18
+85 10
+7 2
-2 2
+2 6
+16 2
-37 2
cfi=(17)
cfn=(40)
calls=1 93 
* 34
* 1
* 1
+1 1
-1 1
+1 1
+2 4
cfi=(18)
cfn=(46)
calls=1 61 
* 31
+35 1
-34 1
+34 15
-72 16

fn=(70)
504 7
+2 1
-2 9
+4 3
cfi=(17)
cfn=(72)
calls=1 337 
* 243
* 18
cfi=(17)
cfn=(72)
calls=6 337 
* 987
* 21
+4 6
+3 6
-4 6
+4 6
+27 75
+1 48
cfi=(14)
cfn=(30)
calls=3 309 
* 384
* 6
+7 6
+1 10
-1 9
+1 4
+3 2
+46 12
cfi=(17)
cfn=(80)
calls=6 121 
* 108
* 6
* 6
-39 6
+4 9
+1 9
-1 3
+1 3
-2 3
cfi=(17)
cfn=(40)
calls=3 93 
* 102
* 3
+3 3
-3 3
+3 9
+5 3
+1 9
-2 3
+2 3
cfi=(18)
cfn=(68)
calls=3 61 
* 81
+3 3
-3 3
+3 3
-2 3
+2 3
+1 1
+5 4
+1 2
-1 8
+1 40
+1 30
+3 3
-1 6
+1 3
+7 3
+1 3
+3 9
-81 18
cfn=(74) expand_dynamic_string_token
calls=6 -83 
* 1159
+3 6
-3 6
+3 6
+5 12
cfi=(10)
cfn=(20)
calls=6 26 
* 220
+1 12
+7 36
+5 25
+13 1
+4 2
+6 6
+43 1
+3 9
-74 12
+59 6

fn=(102)
2131 3
+12 6
-12 3
+12 3
-12 27
+12 3
-12 6
+12 6
+12 12
-12 18
+5 21
+1 14
+2 21
cfi=(32)
cfn=(104)
calls=7 304 
* 492
* 15
2437 24
2178 4
+11 8
-56 4
+92 4
-2 2
+2 2
cfi=(25)
cfn=(76)
calls=2 38 
* 72
* 4
2368 5
cfn=(74)
calls=1 434 
* 390
+1 1
-3 1
+4 1
-1 2
+4 7
cfn=(106)
calls=1 1690 
* 342
+3 1
-3 1
+3 1
+12 6
+2 4
+44 2
+1 14
-1 2
+1 10
cfn=(112)
calls=2 925 
* 5019
* 2
2229 2
cfi=(10)
cfn=(20)
calls=1 26 
* 32
* 1
+2 1
-2 1
+2 1
+7 4
+35 2
+1 14
cfn=(134)
calls=1 1982 
* 2782
* 3
+6 6
+8 2
+72 2
-98 4
+1 7
716 1
2264 1
716 2
2242 3
+1 2
-1 1
+8 7
-3 3
716 1
2248 1
716 2
2156 18
+3 2
+2 2
-1 4
+1 2
cfi=(19)
cfn=(54)
calls=2 132 
* 21
* 4

fn=(74)
434 56
285 14
434 7
285 7
cfi=(25)
cfn=(76)
calls=7 38 
* 471
+3 7
-3 7
+3 7
161 14
cfi=(10)
cfn=(20)
calls=7 26 
* 383
* 7
+1 14
cfi=(17)
cfn=(40)
calls=7 -69 
* 238
* 7
+2 14
459 7
167 14
459 42
167 14
cfi=(18)
cfn=(46)
calls=7 61 
* 219

fl=(107) /usr/src/debug/glibc-2.17-c758a686/elf/dl-fini.c
fn=(538) _dl_fini
132 3
+12 1
-12 5
+19 1
-6 1
+9 10
+3 2
cfi=(2)
cfn=(50)
calls=1 787 
* 2
+3 2
+3 2
+2 7
+11 3
+2 2
+3 21
+11 2
+2 8
+4 4
+2 4
-2 8
+6 4
-5 4
-7 12
+19 6
cfn=(540) _dl_sort_fini
calls=1 33 
* 231
+9 2
cfi=(2)
cfn=(52)
calls=1 793 
* 2
+4 4
+2 1
+2 3
-2 3
+2 9
+3 8
+3 12
+4 2
+7 4
+4 1
+1 1
-1 1
+2 2
+1 3
+1 2
cob=(4)
cfi=(51)
cfn=(558)
calls=1 0 
* 1068
-1 3
+5 6
+1 6
cob=(2)
cfi=(16)
cfn=(582) 0x0000000004a247a8
calls=1 0 
* 3
cob=(2)
cfi=(16)
cfn=(542) 0x00000000004026d8
calls=1 0 
* 31
+5 24
+16 8
-55 9
-70 2
284 6
-49 6
+3 2
+52 2
+7 8

fn=(540)
33 8
+2 1
-2 3
+2 1
+6 1
-1 3
+1 2
-1 1
+1 14
+1 3
-1 1
+1 1
cfi=(26)
cfn=(82)
calls=1 -12 
* 14
+15 8
+62 5
+3 16
cfi=(26)
cfn=(82)
calls=2 -92 
* 18
* 8
-76 6
+1 6
+4 6
+71 2
-76 3
+1 3
+4 9
+6 3
+1 3
-1 3
+1 7
+2 8
+1 4
-1 4
+1 4
+3 6
-1 9
+31 9
+21 3
-57 6
+61 11
+7 8

fl=(38)
fn=(136)
35 11
-1 11
+1 11
+1 66
+4 3
-4 32

fl=(33)
fn=(110)
81 8
+1 2

fn=(108)
81 52
+1 2
+1 55

fn=(124)
81 8
+1 2

fn=(126)
81 4
+2 5

fl=(32)
fn=(104)
304 305
+1 122
cfi=(19)
cfn=(54)
calls=61 132 
* 434
* 61
+1 61
-1 61
+3 61
+2 122
+4 62
-4 124
+1 195
cfi=(19)
cfn=(54)
calls=65 132 
* 867
* 130
-5 3
+11 73
-1 58
+1 232

fl=(40)
fn=(156)
148 40
+15 4
-15 8
+15 4
+1 16
+6 8
+6 12
-18 4
+22 4
+8 8
-33 4
+78 4
fi=(5)
76 4
fe=(40)
233 8
fi=(5)
76 12
fe=(40)
259 176
159 10
fi=(5)
299 16
fe=(40)
-40 2
fi=(4)
48 2
fe=(40)
259 2
fi=(4)
58 2
fe=(40)
259 2
fi=(4)
47 4
+11 4
fe=(40)
259 2
159 10
fi=(5)
299 16
fe=(40)
-40 2
fi=(4)
48 2
fe=(40)
259 2
fi=(4)
58 2
fe=(40)
259 2
fi=(4)
47 4
+11 4
fe=(40)
259 4
fi=(4)
48 4
fe=(40)
259 4
fi=(4)
58 4
fe=(40)
259 4
fi=(4)
47 8
+11 8
+3 8
fi=(5)
508 44
+4 44
+2 66
+1 22
fi=(4)
61 66
+2 66
+11 4
+1 8
fe=(40)
259 24
+3 12
+24 4
+3 8
+17 12
+2 32
fi=(4)
84 6
+2 12
+12 6
-15 6
+15 6
-15 6
+15 6
+10 8
+3 10
fi=(5)
498 6
fi=(4)
111 8
fi=(5)
498 3582
fi=(4)
111 4776
+7 18
+3 5
+3 5
-3 5
+3 5
-74 3
fi=(5)
425 3
fi=(4)
51 3
fi=(5)
425 12
fi=(4)
127 480
+9 226
+3 226
fi=(5)
267 113
fi=(4)
138 113
-2 113
+1 452
fi=(5)
267 113
+21 226
+4 226
+7 1414
fi=(4)
137 82
fi=(5)
299 164
fi=(4)
137 82
fi=(5)
299 82
fi=(4)
138 82
fi=(5)
299 164
fi=(4)
137 82
fi=(5)
299 258
fi=(4)
137 12
fi=(5)
299 24
fi=(4)
137 12
fi=(5)
299 12
fi=(4)
138 12
fi=(5)
299 24
fi=(4)
137 12
fi=(5)
299 1164
cfi=(6)
cfn=(162)
calls=94 716 
* 90194
* 376
+2 300
+3 112
-3 224
+3 336
+6 791
fe=(40)
177 8
+1 2
+2 4
+79 10
fi=(5)
82 4
+4 6
+14 2
-8 2
+8 4
+20 4
+11 8
418 291
fi=(4)
124 369
+19 6
+1 26
+1 21
+3 14
+4 14
-1 7
-3 7
+1 7
+1 7
-1 14
fi=(5)
299 28
+2 7
+3 7
-3 7
+3 21
471 14
+1 7
cob=(3)
cfi=(48)
cfn=(184)
calls=1 0 
* 15
cob=(3)
cfi=(47) /usr/src/debug/glibc-2.17-c758a686/time/../sysdeps/unix/sysv/linux/x86_64/gettimeofday.c
cfn=(182) gettimeofday
calls=1 30 
* 22
cob=(3)
cfi=(46) /usr/src/debug////////glibc-2.17-c758a686/string/../sysdeps/x86_64/multiarch/memset.S
cfn=(180) memset
calls=1 27 
* 8
cob=(3)
cfi=(42) /usr/src/debug////////glibc-2.17-c758a686/string/../sysdeps/x86_64/multiarch/strcmp.S
cfn=(178) strncasecmp
calls=1 120 
* 5
cob=(3)
cfi=(45) /usr/src/debug////////glibc-2.17-c758a686/string/../sysdeps/x86_64/multiarch/strnlen.S
cfn=(176) strnlen
calls=1 30 
* 5
cob=(3)
cfi=(43) /usr/src/debug/glibc-2.17-c758a686/time/../sysdeps/unix/sysv/linux/x86_64/time.c
cfn=(172) time
calls=1 36 
* 22
cob=(3)
cfi=(42)
cfn=(170) strcasecmp
calls=1 100 
* 5
+1 14
299 39
fi=(4)
129 26
fi=(5)
299 24
+91 36
+4 60
+5 60
-71 2
+1 3
454 9
+4 18
cfi=(18)
cfn=(46)
calls=3 61 
* 54
+2 9
+1 3
fi=(4)
108 3
fe=(40)
314 6
+1 3
+1 3
-1 3
-1 6
+2 3
+3 6
+1 9
cfi=(36)
cfn=(120)
calls=3 81 
* 15
* 6
fi=(5)
124 8
-2 4
299 14
fi=(4)
129 3
+31 8
+2 20
+8 10
+1 5
-1 5
+1 5
fi=(5)
+96 5
fi=(4)
-97 10
fi=(5)
+97 5
+21 10
+4 10
+7 135
cfi=(6)
cfn=(162)
calls=5 716 
* 4974
* 20
+2 15
+3 1
-3 2
+3 3
+6 35
418 15
fi=(4)
160 15
+14 5
fi=(5)
299 155
fe=(40)

fl=(27)
fn=(88)
75 2

fn=(84)
51 8
+5 6
+5 2
-1 1
+1 2
+1 2
-1 2
-9 4
+4 8
+4 1
-1 1
-59 4

fl=(37)
fn=(128)
147 1
+1 1
-1 2
+1 1
-1 1
+1 1
-1 1
+1 2
-1 4
+1 2
-1 1
+1 2
-1 1
+1 10
+15 1
-15 1
+16 1
-2 1
+1 1
-15 1
+16 1
+6 3
+10 1
-10 1
+10 3
-14 1
-4 1
+2 1
+17 1
-17 1
-2 2
+2 1
-2 1
+2 1
-2 1
+1 1
+1 1
+6 3
+10 1
-10 1
+10 3
-16 4
+20 1
+21 1
+1 1
-22 2
+19 1
-12 1
+15 1
-16 1
+13 1
347 9
215 1
+4 1
-8 1
+8 2
-4 3
+4 3
-8 3
+8 6
+12 12
+2 4
+6 2
-6 4
+5 2
+1 2
+5 2
-4 2
+4 2
-4 2
+1 2
+3 2
-3 2
+3 4
-32 2
+32 4
+1 90
+6 8
cfi=(23)
cfn=(130)
calls=2 +31 
* 164
* 6
+5 10
-3 2
+3 2
cfi=(30)
cfn=(94)
calls=2 -97 
* 7082
+2 6
+15 2
+2 4
+19 4
+1 3
-51 180
475 8
+2 6
+3 4
-1 2
cfi=(17)
cfn=(40)
calls=2 93 
* 68
* 2
+2 2
-2 2
+2 2
+3 2
+1 8
-1 2
+1 2
cfi=(18)
cfn=(46)
calls=2 61 
* 41
+1 10
cfi=(18)
cfn=(46)
calls=2 61 
* 41
+4 2
-1 2
+5 28
+3 9
-1 4
+1 8
204 1
501 6
+1 2
+3 6
+11 4
-1 1
cfi=(17)
cfn=(40)
calls=1 93 
* 34
* 1
+3 1
-3 1
+3 2
+5 7
+1 4
+2 9
+6 9
+4 3
-10 3
+10 3
-10 7
+6 3
+4 1
-10 1
+10 1
-10 3
+13 2
+53 4
+43 18
+1 1
-1 3
-1 1
+2 1
cfi=(26)
cfn=(82)
calls=1 30 
* 14
* 11
+5 1
-1 1
+7 1
-6 1
+6 1
-11 6
+5 2
-1 2
+7 2
-6 2
+6 4
+2 8
+1 4
-1 4
+1 4
+3 6
-1 9
+23 3
-28 6
+31 9
+3 20
cfi=(26)
cfn=(82)
calls=2 30 
* 18
* 8
280 12
+6 2
-6 4
+3 2
+1 2
+1 2
+1 2
+4 10
-2 8
-37 6
-20 8
-19 4
+7 8
+1 17
+2 2
+2 6
+2 22
+71 129
688 2
+2 1
+1 1
-1 1
+9 3
+3 2
+3 8
226 26
628 10
cfi=(18)
cfn=(46)
calls=1 61 
* 28
+2 4
+33 3

fn=(132)
60 4
+7 2
-4 6
+1 2
-1 2
+1 2
-1 10
cfi=(23)
cfn=(102)
calls=2 2131 
* 6932
* 2
+5 4

fl=(26)
fn=(82)
30 12
+1 12
+1 12
+1 2119
+1 12
+1 12

fl=(18)
fn=(46)
61 21
+2 21
+2 21
+3 20
+1 20
+2 8
+1 8
+2 8
+1 8
+5 8
+1 8
-1 12
+1 12
+2 6
+1 6
+2 6
+1 12
+5 6
+1 6
-1 14
+1 14
+2 7
+1 7
+2 7
+1 7
+5 7
+1 7
-1 13
+1 13
+2 13
+1 13
+2 13
+1 13
+5 13
+1 13
-1 7
+1 10
+5 3
+1 3
+1 3
+1 3
+2 3
+2 3
+1 3
+2 3
+8 20
+8 5
+6 5
+2 5
+1 5
+3 2
+1 6
+5 2
+1 2
+2 2
+2 2
+1 2
+2 2
-8 1
+1 1
+2 1
+2 1
+1 1
+2 5
+9 2
+1 2
-1 3
+1 3
+3 5
+1 5
+1 5
+5 5
+2 5
+1 5
+1 5
+1 5
+2 5
+1 5
+1 5
+1 5
+2 5
+1 5
+2 5
+2 4
+2 4
+1 4
+1 4
+1 4
+2 4
+1 4
+1 4
+1 4
+2 4
+1 4
+2 12
+5 4
+6 4
+1 4
-7 1
+6 1
+1 1
+2 1

fn=(68)
61 35
+4 35
+3 35
+1 35
+2 14
+1 14
+2 14
+1 14
+5 14
+1 14
-1 21
+1 21
+2 23
+1 23
+2 23
+1 23
+5 23
+1 23
-1 12
+1 12
+2 13
+1 13
+2 13
+1 13
+5 13
+1 13
-1 22
+1 22
+2 21
+1 21
+2 21
+1 42
+5 21
+1 21
-1 14
+1 16
+5 2
+1 2
+1 2
+1 2
+2 2
+2 2
+1 2
+2 2
+6 35
+4 35
+12 1
+2 1
+1 1
+26 1
+1 1
+3 1
+1 1
+1 1
+5 1
+2 1
+1 1
+1 1
+1 1
+2 1
+1 1
+1 1
+1 1
+2 1
+1 1
+2 1
+2 1
+2 1
+1 1
+1 1
+1 1
+2 1
+1 1
+1 1
+1 1
+2 1
+1 1
+2 3
+5 1
+2 1

fl=(25)
fn=(76)
38 11
+1 11
+1 11
+1 11
+1 5
+1 5
+3 5
+1 5
+1 5
-2 4
+1 4
+1 4
+1 9
+1 9
+1 9
+1 9
+1 9
+9 11
+1 11
+1 11
+2 22
+32 11
+1 11
+1 11
+1 11
+2 11
+3 11
-8 2
+1 2
+1 2
+1 2
+2 2
+3 2
+1 13
+1 13
+1 13
+2 13
+5 12
+1 12
+1 12
+3 12
+1 10
+1 10
+1 10
+2 10
+3 9
+1 9
+1 9
+1 9
+2 9
+3 9
+1 9
+1 9
+1 9
+2 9
+5 9
+1 9
+1 9
+3 9
+1 8
+1 8
+1 8
+2 8
+2 3
+1 3
+1 3
+1 3
+2 3
+3 3
+1 3
+1 3
+1 3
+2 3
+5 3
+1 3
+1 3
+3 3
+1 3
+1 3
+1 3
+2 3
+2 2
+1 2
+1 2
+1 2
+2 2
+3 2
+1 2
+1 2
+1 2
+2 2
+5 2
+1 2
+1 2
+3 2
+1 2
+1 2
+1 2
+2 2
+4 10
+1 10
+11 1
+1 1
+1 1
+1 1
+47 1
+1 1

fl=(28)
fn=(86)
111 2
+1 2

fn=(188)
443 7
+1 1
-1 1
+1 1
+4 1
+6 2
-6 2
+6 2
+12 1
-15 1
-1 2
+21 6
+6 12
+3 1
+1 2
+7 1
+2 1
-2 2
+2 3
+1 1
+3 2
-1 2
+18 1
-2 1
-8 1
+8 2
-8 1
+8 1
cfi=(18)
cfn=(68)
calls=1 61 
* 23
* 4
cfi=(26)
cfn=(82)
calls=1 30 
* 150
* 2
-38 3
+52 2
+2 1
+1 8

fn=(138)
52 3
+48 2
+4 1

fn=(152)
144 1
+34 1
-34 1
+34 2
-45 1
+1 1
+2 1
-3 1
+2 1
-2 1
+43 1
-43 2
+50 1
-1 1
+5 2
-4 1
-1 1
+7 1
-7 1
+3 2
+2 1
+2 1
-2 2
+16 5
+2 1
+1 1
-1 2
+4 1
+6 1
-12 1
-25 5
+40 1
+53 4
-1 1
+1 3
-52 1
+52 1

fn=(186)
879 6
+6 1
+3 2
+5 5
+41 1
+1 3
+1 6

fn=(154)
349 1
+13 1
-13 2
+2 1
+11 2
cfi=(17)
cfn=(44)
calls=1 51 
* 78
* 1
+1 1
-1 1
+1 1
+7 1
+4 306
-58 1
+1 1
-1 1
+1 2
cfi=(17)
cfn=(36)
calls=1 102 
* 43
* 1
+1 2
+9 1
-6 1
+6 1
+64 5

fl=(24)
fn=(66)
39 8
+2 1
-2 1
+3 1
-3 2
+3 1
-3 1
+2 3
+1 2
+9 1
-10 1
+10 2
+10 4
+42 1
+3 17
+1 1
-1 4
+30 2
+8 2
+2 3
+1 2
+1 2
+3 2
+7 1
-7 1
+1 1
+7 1
-1 1
+4 3
+1 1
-1 6
+1 1
+18 12
+1 4
cfi=(17)
cfn=(40)
calls=1 -89 
* 34
* 1
+1 1
-1 1
+1 4
+26 1
+3 1
-3 2
+3 1
+28 9
+1 2
-1 2
+1 6
-1 8
+5 6
+3 1
-3 1
+3 2
-3 1
+3 1
-3 2
+3 1
-3 1
+3 2
-3 1
+3 3
+1 12
+1 4
-1 4
+1 8
-2 4
+1 8
-1 14
+4 4
+3 1
+2 2
-1 1
-1 2
+2 10
+13 2
+1 1
-1 1
+3 2
-3 2
+1 1
-1 1
+3 2
+3 3
+3 9
-65 4
cfi=(18)
cfn=(68)
calls=1 61 
* 22
+1 2
-1 2
+1 1
cfi=(18)
cfn=(68)
calls=1 61 
* 22
* 4

fl=(19)
fn=(54)
132 539
+1 539
+1 539
+1 285
+1 285
+1 285
+1 285
cfn=(55) strcmp'2
calls=285 -6 
* 11983
+5 254
+1 254
+1 254
+1 254

fn=(55)
132 1671
+1 1671
+1 1671
+1 1529
+1 1529
+1 1529
+1 1529
cfn=(55)
calls=1386 -6 
* 57070
+2 143
+1 143
+2 142
+1 142
+1 142
+1 142

ob=(5)
fl=(92) /usr/sup/src/cii40/src/mem.c
fn=(430) Mem_alloc
8 8
+3 3
cob=(3)
cfi=(72) /usr/src/debug/glibc-2.17-c758a686/malloc/malloc.c
cfn=(306) malloc
calls=1 2894 
* 177
* 1
* 1
+1 2
+7 1
+1 2

fn=(440) Mem_resize
41 429
+3 195
cob=(3)
cfi=(72)
cfn=(446) realloc
calls=38 2964 
* 1709002
cob=(1)
cfi=(61)
cfn=(243)
calls=1 +27 
* 1496
* 43
* 39
+1 78
+7 39
+1 78

fn=(458) Mem_free
36 8460294
+1 2820098
+1 4230147
cob=(3)
cfi=(72)
cfn=(410) free
calls=1410048 2930 
* 126451776
cob=(1)
cfi=(61)
cfn=(243)
calls=1 +33 
* 1198
* 1410053
+1 2820098

fn=(418) Mem_calloc
22 15563207
+4 7074185
cob=(3)
cfi=(72)
cfn=(424) calloc
calls=1414836 3179 
* 196053013
cob=(1)
cfi=(61)
cfn=(243)
calls=1 +45 
* 1469
* 1414841
* 1414837
+1 2829674
+7 1414837
+1 2829674

fl=(94) /usr/sup/src/cii40/src/seq.c
fn=(466) Seq_remlo
78 6968930
+1 1393786
-1 2787572
+4 2787572
-4 2787572
+5 4181358
+1 12544074
-1 6968930
+2 15331646
+1 6968930
+1 1393786
+1 5575144

fn=(428) Seq_new
26 7
+3 5
cfi=(92)
cfn=(418)
calls=1 -7 
* 233
* 1
+1 2
+3 3
-1 4
cfi=(92)
cfn=(430)
calls=1 -24 
* 195
* 8
cfi=(95) /usr/sup/src/cii40/src/uarray.c
cfn=(432) UArrayRep_init
calls=1 -14 
* 29
+2 1
+1 4

fn=(468) expand
16 48
+1 36
+1 72
cfi=(95)
cfn=(470) UArray_resize
calls=12 +29 
* 1567701
+1 48
+2 99
+1 176
cob=(3)
cfi=(98) /usr/src/debug////////glibc-2.17-c758a686/string/../sysdeps/x86_64/multiarch/memcpy-ssse3-back.S
cfn=(478) __memmove_ssse3_back
calls=10 +37 
* 59018
cob=(1)
cfi=(61)
cfn=(243)
calls=1 +49 
* 1377
* 15
+1 66
+2 24

fn=(464) Seq_addlo
98 8460270
+1 1410045
-1 2820090
+3 8460270
+1 36
cfn=(468)
calls=12 -86 
* 1628680
+1 12690405
+1 185
+1 185
+1 111
+1 333
-1 111
+1 74
-1 37
+2 148
-3 7050040
+1 4230024
+1 12690072
-1 4230024
+1 2820016
-1 1410008
+2 5640032

fn=(436) Seq_length
50 8489004
+2 2829668
+1 2829668

fn=(522) Seq_free
45 6
+1 4
-1 1
+3 3
cfi=(95)
cfn=(524) UArray_free
calls=1 -19 
* 958248
+1 2

fl=(95)
fn=(524)
29 6
+1 4
-1 1
+2 7
cfi=(92)
cfn=(458)
calls=1 +5 
* 958118
* 3
+1 6
cfi=(92)
cfn=(458)
calls=1 +4 
* 99
* 2
+1 2

fn=(470)
47 120
+3 24
+2 48
+3 132
cfi=(92)
cfn=(440)
calls=12 -14 
* 1567257
* 36
+1 36
+1 48

fn=(432)
18 11
+2 2
-2 2
+4 3
+1 3
+1 2
+1 4
+3 2

fl=(60)
fn=(550) 0x0000000000400b00
0 8

fn=(544) 0x0000000000400b70
0 14
cfn=(550)
calls=1 0 
0 8
0 5

fn=(234)
0 11
cob=(1)
cfi=(61)
cfn=(242)
calls=1 71 
0 2410738461
0 5

fn=(258) 0x0000000000400adc
0 6

fn=(254) __libc_csu_init
0 15
cob=(2)
cfi=(16)
cfn=(256) 0x0000000000400950
calls=1 0 
0 39
0 10

fn=(264) 0x0000000000400be0
0 15

fn=(274) 0x00000000004026a0
0 12

fl=(90) /g/40/2013f/www/solutions/um/um.c
fn=(414) Um_run
45 5
+7 1
-7 2
+2 1
cfi=(91) /comp/40/www/solutions/um/umsegment.c
cfn=(416) Umsegment_newmap
calls=1 -7 
* 2262
+3 1
-3 1
+4 1
-1 4
+4 2
+1 1
+2 4
-3 170141042
+1 85070521
+2 425352606
+48 21426654
+4 10713327
+1 3571109
-18 905
fi=(99) /usr/include/bits/stdio.h
-10 181
fe=(90)
+11 181
fi=(99)
-11 181
cob=(3)
cfi=(100) /usr/src/debug/glibc-2.17-c758a686/libio/putc.c
cfn=(488) putc
calls=180 -57 
* 7020
cob=(1)
cfi=(61)
cfn=(243)
calls=1 -11 
* 1497
* 185
fe=(90)
+12 362
cob=(3)
cfi=(103) /usr/src/debug/glibc-2.17-c758a686/libio/iofflush.c
cfn=(504) fflush
calls=180 -62 
* 32400
cob=(1)
cfi=(61)
cfn=(243)
calls=1 -23 
* 1312
* 185
-40 181
+41 181
-6 5640180
cfi=(91)
cfn=(456) Umsegment_inactivate
calls=1410045 +8 
* 248387433
-35 1410045
+36 1410045
-4 9903838
cfi=(91)
cfn=(434) Umsegment_new
calls=1414834 -2 
* 363640954
-32 1414834
+32 1414834
+1 1414834
-6 2
cfi=(91)
cfn=(520) Umsegment_freemap
calls=1 -30 
* 1559344
+1 2
cob=(3)
cfi=(72)
cfn=(410)
calls=1 2930 
* 306
* 1
+1 1
+36 7
-41 47254790
-24 4295890
+25 4295890
-4 1703360
-21 170336
+21 170336
+1 170336
-4 1049150
-18 104915
+19 104915
-4 31410400
-15 3141040
+16 3141040
-4 226810472
-12 16200748
+13 16200748
-4 252996952
-9 19461304
+9 19461304
+1 19461304
-5 2746419
-5 2746419
+5 10985676
+1 19697840
+52 32553700
+1 32553700
-59 32553700
+58 32553700
+1 65107400
+1 32553700
-51 19000056
cfi=(91)
cfn=(438) Umsegment_of_id
calls=9500028 +31 
* 38000112
* 9500028
+3 15625702
cfi=(91)
cfn=(438)
calls=7812851 +28 
* 31251404
* 7812851

fl=(68) /comp/40/www/solutions/um/um-main.c
fn=(286) main
14 4
+2 2
cfi=(69) /g/40/2013f/www/solutions/um/um-load.c
cfn=(288) Um_load
calls=1 -4 
* 5366623
* 2
cfi=(90)
cfn=(414)
calls=1 +29 
* 2405366612
+1 2
cob=(1)
cfi=(61)
cfn=(243)
calls=1 +54 
* 1582
* 5
* 2
+3 3

fl=(69)
fn=(288)
12 1
fi=(112) /usr/include/sys/stat.h
457 1
fe=(69)
12 6
fi=(112)
457 1
fe=(69)
12 1
fi=(112)
457 2
cob=(1)
cfi=(61)
cfn=(243)
calls=1 71 
* 1175
* 5
fe=(69)
15 2
+4 1
+1 3
cob=(1)
cfi=(61)
cfn=(243)
calls=1 +51 
* 59556
* 5
* 1
+1 2
+1 2
cob=(1)
cfi=(61)
cfn=(243)
calls=1 +49 
* 1324
* 5
+1 2
+1 1
+1 1
-1 1
+1 5
-1 1
+1 2
+2 1
-2 1
+2 1
cob=(1)
cfi=(61)
cfn=(243)
calls=1 +44 
* 1415
* 5
* 30109
-2 30109
+2 30109
cob=(3)
cfi=(83) /usr/src/debug/glibc-2.17-c758a686/libio/getc.c
cfn=(352) getc
calls=30109 +8 
* 1116203
* 30109
+1 30110
-1 30110
+1 30110
cob=(3)
cfi=(83)
cfn=(352)
calls=30110 +7 
* 1114070
* 30110
+1 30110
-1 30110
+1 30110
cob=(3)
cfi=(83)
cfn=(352)
calls=30110 +6 
* 1114070
* 30110
+1 30110
-1 30110
+2 30110
-1 30110
cob=(3)
cfi=(83)
cfn=(352)
calls=30110 +5 
* 1114070
* 30110
+1 240880
-6 90330
+8 2
cob=(1)
cfi=(61)
cfn=(243)
calls=1 +38 
* 1589
* 5
+2 9

fl=(91)
fn=(520)
51 4
+1 1
+1 1
-2 2
+3 5
+1 88616
+1 9578
cob=(3)
cfi=(72)
cfn=(410)
calls=4789 2930 
* 426663
* 4789
* 4789
-2 66462
+3 3
cfi=(92)
cfn=(458)
calls=1 -21 
* 56
+1 1
-1 1
+1 1
cfi=(94)
cfn=(522)
calls=1 -13 
* 958264
+1 4
cfi=(92)
cfn=(458)
calls=1 -23 
* 99
* 1
+1 4

fn=(456)
97 1410045
+1 1410045
-1 1410045
+1 1410045
-1 1410045
+1 1410045
-1 1410045
+2 2820090
-1 4230135
+1 1410045
cfi=(92)
cfn=(458)
calls=1410045 -63 
* 145235292
* 1410045
-18 2820090
+18 1410045
+2 4230135
-20 1410045
cfi=(94)
cfn=(464)
calls=1410045 +17 
* 73541196

fn=(416)
40 1
+2 5
cfi=(92)
cfn=(418)
calls=1 -20 
* 1496
+2 1
-2 1
+2 3
-1 1
+1 1
cfi=(92)
cfn=(418)
calls=1 -22 
* 252
+3 1
-3 1
+1 1
+1 1
+1 1
cfi=(94)
cfn=(428)
calls=1 -21 
* 492
* 1
+2 3

fn=(438)
94 34625758
-1 17312879
+2 17312879

fn=(434)
84 11318672
-20 2829668
cfi=(94)
cfn=(436)
calls=1414834 -14 
* 14148340
* 2829668
+2 84192
+1 63063
+20 105105
+1 21021
-1 21021
cfi=(92)
cfn=(418)
calls=21021 -65 
* 5169255
* 6969065
+1 1393813
-1 1393813
cfi=(92)
cfn=(418)
calls=1393813 -65 
* 223424501
* 1414834
+1 1414834
+1 2829668
+2 11318672
-21 54
+2 27
-2 135
+2 27
-2 54
+2 54
-1 27
+1 54
cfi=(92)
cfn=(440)
calls=27 -31 
* 144142
+2 27
-2 54
+2 27
+10 189
-9 54
-1 54
+1 44216
-1 44216
+2 108
-11 2787572
cfi=(94)
cfn=(466)
calls=1393786 +13 
* 69689300
* 4181358

ob=(2)
fl=(16)
fn=(256)
0 2
cob=(5)
cfi=(60)
cfn=(258)
calls=1 0 
0 6
0 1
cob=(5)
cfi=(60)
cfn=(264)
calls=1 0 
0 15
0 1
cob=(5)
cfi=(60)
cfn=(274)
calls=1 0 
0 12
0 2

fn=(542)
0 2
cob=(5)
cfi=(60)
cfn=(544)
calls=1 0 
0 27
0 2

fn=(198)
0 6

fn=(582)
0 3

ob=(3)
fl=(81) /usr/src/debug////////glibc-2.17-c758a686/io/../sysdeps/unix/syscall-template.S
fn=(378) read
81 30
cfn=(380) __read_nocancel
calls=15 * 
* 75

fn=(512) write
81 362
cfn=(514) __write_nocancel
calls=181 * 
* 905

fn=(336) open
81 2
cfn=(338) __open_nocancel
calls=1 * 
* 5

fn=(398) __close_nocancel
81 5

fn=(380)
81 75

fn=(514)
81 905

fn=(338)
81 5

fl=(48)
fn=(184)
0 30

fl=(96) /usr/src/debug////////glibc-2.17-c758a686/string/../sysdeps/x86_64/memcpy.S
fn=(454) __GI_memcpy
61 29
+2 29
+2 29
+3 18
+1 18
+11 18
+1 18
+11 18
+1 18
+11 18
+1 18
+2 18
+1 18
+2 18
+1 18
+5 18
+1 32
+5 14
+1 14
+1 14
+1 14
+2 14
+2 14
+1 14
+2 14
-10 9
+1 9
+1 9
+1 9
+2 9
+2 9
+1 9
+2 9
+8 18
+8 29
+6 29
+2 29
+1 29
+26 29
+1 29
+3 8
+1 8
+1 8
+5 54
+2 54
+1 54
+1 54
+1 54
+2 54
+1 54
+1 54
+1 54
+2 54
+1 54
+2 54
+2 50
+2 50
+1 50
+1 50
+1 50
+2 50
+1 50
+1 50
+1 50
+2 50
+1 50
+2 58
+5 4
+6 4
+1 4
-7 4
+6 4
+1 4
+19 21
+1 21
+1 21
+5 21
+1 21
+4 21
+1 21
+2 27298
+1 21
+6 21
+1 21
+1 21
+3 11
+6 11
+1 11
+2 11
+13 10
+1 10
+1 10
+3 10
+1 10
+1 10
+1 10
+2 10
+2 10
+2 10
+2 10
+3 10
+1 10
+69 3756
+2 3756
+1 3756
+1 3756
+1 3756
+1 3756
+1 3756
+1 3756
+1 3756
+2 3756
+1 3756
+2 3756
+1 3756
+1 3756
+1 3756
+1 3756
+1 3756
+1 3756
+1 3756
+2 3756
+1 3756
+2 3756
+2 3751
+2 3751
+1 3751
+1 3751
+1 3751
+1 3751
+1 3751
+1 3751
+1 3751
+2 3751
+1 3751
+2 3751
+1 3751
+1 3751
+1 3751
+1 3751
+1 3751
+1 3751
+1 3751
+2 3751
+1 3751
+2 3751
+3 10
+2 10
+2 10
+2 10
+6 10
+1 10
+1 10
+2 10
+6 10
+1 10

fl=(64) /usr/src/debug/glibc-2.17-c758a686/stdlib/cxa_atexit.c
fn=(250) __cxa_atexit
56 6
-22 2
cfn=(252) __new_exitfn
calls=1 +38 
* 39
+2 2
+4 1
+3 1
+1 1
-4 2
+2 1
+4 1
+1 1
+11 4

fn=(252)
72 1
+6 2
-6 3
+6 4
+2 4
-7 2
+9 3
-2 1
+10 1
-10 2
+45 1
+1 1
+3 4
+3 5
-35 2
+14 1
+1 2

fl=(70) /usr/src/debug/glibc-2.17-c758a686/io/../sysdeps/unix/sysv/linux/wordsize-64/xstat.c
fn=(294) _xstat
35 1
-1 1
+1 1
+1 6
+4 1

fl=(65) /usr/src/debug////////glibc-2.17-c758a686/setjmp/../sysdeps/x86_64/bsd-_setjmp.S
fn=(280) _setjmp
31 1
+2 1
cfi=(66) /usr/src/debug////////glibc-2.17-c758a686/setjmp/../sysdeps/x86_64/setjmp.S
cfn=(282) __sigsetjmp
calls=1 -7 
* 28

fl=(83)
fn=(352)
35 120440
+3 120440
-3 120440
+3 1806600
+1 722595
fi=(87) /usr/src/debug/glibc-2.17-c758a686/libio/libioP.h
887 240880
+1 963520
fe=(83)
42 361320
-3 30
cfi=(79) /usr/src/debug/glibc-2.17-c758a686/libio/genops.c
cfn=(354) __uflow
calls=15 349 
* 2459
* 30

fl=(75) /usr/src/debug/glibc-2.17-c758a686/elf/dl-addr.c
fn=(312) _dl_addr
126 9
+5 1
-5 2
+5 2
cob=(1)
cfi=(2)
cfn=(50)
calls=1 787 
* 2
+3 6
+1 4
+1 15
+1 2
30 1
+1 1
-1 1
+4 2
+5 1
+6 1
-7 1
+2 2
+2 1
-2 1
+2 1
+3 1
+5 7
+2 1
+1 2
-1 1010
+1 2020
+2 4963
+6 11180
+2 8944
+1 16335
+7 2236
-2 2236
+2 5483
-21 2022
+49 3
+1 1
+1 3
+3 2
+41 3
cob=(1)
cfi=(2)
cfn=(52)
calls=1 793 
* 2
+3 9
-13 6
-19 1
+1 1
+23 2

fl=(77) /usr/src/debug/glibc-2.17-c758a686/misc/sbrk.c
fn=(322) sbrk
34 16
+8 16
-8 48
+8 93
+4 32
+4 38
+3 11
cfi=(78) /usr/src/debug/glibc-2.17-c758a686/misc/../sysdeps/unix/sysv/linux/x86_64/brk.c
cfn=(324) brk
calls=11 -22 
* 143
* 22
+4 80
-14 32
cfi=(78)
cfn=(324)
calls=16 -12 
* 208
* 64
+9 4
+1 8

fl=(74) /usr/src/debug/glibc-2.17-c758a686/malloc/arena.c
fn=(310) ptmalloc_init.part.7
368 6
+11 1
-8 1
+8 1
+7 3
+2 5
+16 2
-71 94
+16 47
-18 144
449 2
+5 2
+1 2
+2 1
+1 7
-78 5
cfi=(75)
cfn=(312)
calls=1 126 
* 56529
* 2
+1 4
-47 12
+1 6

fl=(104) /usr/src/debug/glibc-2.17-c758a686/stdlib/getenv.c
fn=(530) getenv
34 8
+1 1
cfi=(105) /usr/src/debug////////glibc-2.17-c758a686/string/../sysdeps/x86_64/strlen.S
cfn=(532) __GI_strlen
calls=1 -10 
* 14
* 1
+4 7
+3 2
+53 9
-24 1
+6 1
+2 1
-3 1
+3 190
+9 94

fl=(101) /usr/src/debug/glibc-2.17-c758a686/io/../sysdeps/posix/isatty.c
fn=(494) isatty
24 1
+3 2
cfi=(102) /usr/src/debug/glibc-2.17-c758a686/termios/../sysdeps/unix/sysv/linux/tcgetattr.c
cfn=(496) tcgetattr
calls=1 +11 
* 15
* 2
+1 1
-1 1
+1 1

fl=(52)
fn=(210)
52 8
+6 6
+17 1
fi=(53) /usr/src/debug/glibc-2.17-c758a686/csu/../sysdeps/unix/sysv/linux/x86_64/init-first.c
-35 2
fe=(52)
+33 1
+1 1
fi=(53)
-34 1
-2 2
fe=(52)
+37 1
fi=(53)
-37 3
+2 1
cfi=(44) /usr/src/debug/glibc-2.17-c758a686/elf/../sysdeps/unix/sysv/linux/dl-vdso.c
cfn=(174) _dl_vdso_vsym
calls=1 -13 
* 7
+1 2
+5 2
-3 2
+1 1
+2 1
cfi=(44)
cfn=(174)
calls=1 -19 
* 7
fe=(52)
+43 1
fi=(53)
-39 1
fe=(52)
+39 2
fi=(53)
-39 2
+1 2
+1 1
fe=(52)
+37 1
cfi=(54) /usr/src/debug/glibc-2.17-c758a686/misc/init-misc.c
cfn=(214) __init_misc
calls=1 -59 
* 57
+8 1
cfi=(56) /usr/src/debug/glibc-2.17-c758a686/ctype/ctype-info.c
cfn=(218) __ctype_init
calls=1 -65 
* 16
+5 6
-35 1
-9 1
+9 4
fi=(53)
-25 2
fe=(52)

fl=(57)
fn=(220)
81 4
+1 3
+1 4

fl=(86) /usr/src/debug/glibc-2.17-c758a686/misc/../sysdeps/unix/sysv/linux/wordsize-64/mmap.c
fn=(368) mmap
32 3
+1 3
-1 27
+1 9
+1 30
+2 21
-3 6

fl=(105)
fn=(532)
25 1
+1 1
+1 1
+1 1
+1 1
+1 1
+1 1
+1 1
+1 1
+1 1
+1 1
+44 1
+1 1
+1 1

fl=(82) /usr/src/debug/glibc-2.17-c758a686/string/../string/strstr.c
fn=(340) __GI_strstr
53 8
+10 3
+2 2
+1 1
+23 8
-26 1
-5 2

fl=(55) /usr/src/debug////////glibc-2.17-c758a686/string/../sysdeps/x86_64/strrchr.S
fn=(216) __GI_strrchr
25 1
+1 1
+1 1
+1 1
+1 1
+1 1
+1 1
+1 1
+1 1
+1 1
+1 1
+1 1
+1 1
+1 1
+1 1
+1 1
+1 1
+1 1
+1 1
+1 1
+1 1
+1 1
+1 1
+13 1
+1 1
+1 1
+1 1
+7 1
+1 1
+1 1
+1 1
+1 1
+2 1

fl=(73) /usr/src/debug/glibc-2.17-c758a686/malloc/hooks.c
fn=(448) realloc_hook_ini
37 9
+1 1
fi=(74)
370 1
fe=(73)
39 1
-1 1
fi=(74)
370 2
fe=(73)
39 1
fi=(74)
370 1
fi=(72)
2972 2
+4 6
+4 2
+5 1
-2 1
+2 1
+2 1
-2 1
+2 2
+3 3
+6 4
+1 2
+7 12
+2 2
fe=(73)
42 9
fi=(72)
2988 1
+36 6
+2 6
cfn=(452) _int_realloc
calls=1 4204 
* 351
* 1
+2 4
+4 4
fe=(73)

fn=(308) malloc_hook_ini
30 2
fi=(74)
370 3
fe=(73)
29 3
cfi=(74)
cfn=(310)
calls=1 368 
* 56876
* 1
+4 1
-1 1
cfi=(72)
cfn=(307) malloc'2
calls=1 2894 
* 1222

fl=(58)
fn=(222)
478 2
+12 1
-12 1
+12 1
-12 1
+12 1
-12 1
+12 1
648 2
+2 1
+1 1
+2 1
-3 1
+5 1
-5 1
+4 3
+4 2
+2 1
+1 1
+2 1
+4 1
-7 1
+5 1
-5 1
+4 1
+3 2
-3 1
+3 1
-3 1
+3 2
492 2
cfn=(224) handle_intel.isra.0
calls=1 262 
* 844
+4 1
-4 1
+4 1
cfn=(224)
calls=1 262 
* 885
+2 1
-2 1
-1 1
+3 1
+9 3
+2 1
+1 1
+2 1
+5 2
+9 16
-9 12
+6 3
-6 3
+6 3
-6 3
+6 1
-6 1
+6 1
+69 4
+1 6
-65 1
+32 1
-26 5
+7 2
+4 4
+2 4
-6 4
+4 1
-2 1
+2 1
-4 3
+4 1
-2 1
+2 1
+15 1
+1 4
-9 1
+2 2
+1 1
-1 2
+1 1
+1 1

fn=(224)
262 4
+12 2
-12 12
+9 2
+1 4
-3 6
+23 10
cfn=(226) intel_check_word
calls=2 132 
* 1446
+1 4
+3 10
cfn=(226)
calls=2 132 
* 189
+1 4
-17 4
+5 2
-5 4
+5 2
+2 2
+1 2
-1 4
+27 16

fn=(226)
132 32
+1 12
+6 32
+2 4
-2 4
+2 4
+88 8
-76 20
+53 16
+23 40
-1 8
+1 8
cfi=(59) /usr/src/debug/glibc-2.17-c758a686/stdlib/bsearch.c
cfn=(228) bsearch
calls=8 26 
* 1228
+2 16
+22 8
141 16
+2 10
+2 20
-10 2
258 32
-93 10
+5 10
-5 14
+9 2
+2 4
+8 2
+4 2
-2 4
+13 3
-34 15
+5 6
+4 8
+7 9
+9 2
-2 2
+3 2
-1 2
-2 2
+1 2
+1 2
-1 6
+1 2
-2 4

fn=(230) intel_02_known_compare
121 162
+3 162

fl=(89) /usr/src/debug////////glibc-2.17-c758a686/misc/../sysdeps/unix/syscall-template.S
fn=(518) mremap
81 5
+1 1

fn=(400) munmap
81 8
+1 2

fl=(44)
fn=(174)
27 4
-1 4
+1 4
+4 8
-3 8

fl=(72)
fn=(424)
3179 1414837
+13 4244511
-13 1414837
+10 2829674
+3 1414837
-13 4244511
+13 1414837
+8 2829674
+1 2829674
+10 16978044
+7 1414837
+8 1414837
-7 2829674
+7 2829674
+15 4244511
cfn=(314) _int_malloc
calls=1414837 +76 
* 87998211
+6 1414837
-6 1414837
+6 1414837
+7 5659348
+3 2829674
+6 4244511
+46 7326246
-36 1414837
-3 1414837
+3 2829674
-13 1414837
+13 2829674
+10 1414837
+1 2829674
+3 2829674
+7 1221041
-3 1221041
+1 1221041
+1 2442082
+1 1221041
+3 76351
-2 76351
+1 76351
+1 76351
+3 25249
-2 25249
+1 25249
+1 25249
+1 23745
+1 47490
-29 43557
+15 581388
cfi=(93) /usr/src/debug////////glibc-2.17-c758a686/string/../sysdeps/x86_64/memset.S
cfn=(426) __GI_memset
calls=193796 57 
* 4638411
+21 1356572

fn=(316) malloc_consolidate
4100 96
+22 24
+1 33
+12 11
4965 11
4125 11
+11 11
-1 11
4963 11
+2 11
-2 44
4138 22
+1 22
-1 198
+1 273
+22 12986
-1 12986
+1 170153
+4 53806
+4 53806
-3 53806
+1 53806
+2 53806
+1 6912
+1 6912
+3 6912
+1 6912
+1 6912
-2 6912
+12 6912
-12 6912
+3 6912
+9 6912
-12 46894
+1 46894
+1 46894
-2 46894
+12 46894
-12 46894
+3 46894
+9 100672
-41 53778
-3 53778
+3 107556
+1 53778
+1 107556
+2 107556
-4 35
-3 35
+3 70
+1 35
+1 70
+2 70
+1 39432
+2 39432
-1 39432
+2 570876
+3 107626
+3 107612
+4 81640
+18 7
+1 7
+4 7
-4 7
+1 7
+3 12
+3 440
+6 89
-73 3
1835 1
+2 3
-2 128
+2 378
-2 252
+6 3
+5 1
+2 1
-2 1
4195 8
1845 3

fn=(314)
3317 4244610
+30 1414870
-30 8489220
+30 12733830
+4 2829740
+14 2829740
+1 4244445
+1 1414815
+1 1414815
-1 2829630
+5 2829630
+3 6805010
+1 1361002
-1 1361002
+1 2722004
+26 107736
+1 107688
+1 107688
+2 161532
+1 1010
+3 504
+1 1008
+5 504
+1 504
+1 504
+2 1512
1908 1362971
3749 1362971
1908 2725942
3751 1362971
+58 11318960
3442 182
+1 48
+1 28
cfn=(316)
calls=7 4100 
* 1462600
* 14
3794 7
4965 14
3794 21
+2 175
4963 7
+2 7
-2 21
3463 14
3794 53357
4965 106714
3794 160071
+2 1333925
4963 53357
+2 53357
-2 160071
3463 106718
+67 5274
+1 10548
+1 3516
+45 1758
+7 1758
-6 1758
+1 1758
+1 1758
+1 1758
+3 1758
-52 214
+45 214
+7 214
-6 214
+1 214
+1 214
+1 214
+3 214
3463 166014
+2 39322
-1 39322
+1 78644
+1 78644
+7 39322
+10 155342
+34 2734
-5 2734
+1 2734
+4 2734
+12 3944
+6 2216
+1 170
+1 170
+3 340
+5 153
-3 153
+3 306
+5 3
-1 3
+1 3
+1 9
+6 29
-2 537
+6 300
+6 7
-1 7
+3 7
-2 7
+1 7
+1 14
+2 300
-36 337
+1 23
+1 23
+3 46
-5 105
+1 21
+1 21
+3 42
+34 244
-39 111
-50 37911
-1 75822
+2 37880
-1 75760
+4 36588
+1 73176
+4 73176
-3 73176
+1 73176
+1 73176
+1 36588
+2 31231
+1 31231
+3 218617
+2 62462
-2 31231
+2 31231
+4 31231
1908 31231
3503 31231
1908 62462
3500 37499
+2 10714
-2 5357
+2 5357
+4 5357
1908 5357
3503 5357
1908 112988
3535 75
+28 286
+30 32032
+70 16015
+1 16015
+1 16015
-1 16015
+1 16015
+1 32030
+1 32030
+5 65512
+2 44544
+2 59252
-2 44232
+2 58944
-2 29122
+2 43656
+95 14551
+3 14551
-2 29102
+2 29102
+16 24
+1 4
cfn=(316)
calls=2 4100 
* 14398
+2 2
+1 2
-1 2
3684 4588
+1 4588
-2 12830
+7 1827
+3 3654
+1 363
+1 363
+1 363
-2 1452
+59 363
3535 21
-16 762
-1 1524
+1 1524
1908 762
3522 762
1908 1524
3524 1524
3378 6805010
3594 48
+3 75
+3 2
+1 5
+6 2
+3 2
+1 1
-1 1
+1 14
+3 2
3442 352
3676 976
+2 244
+1 488
-1 53
+1 106
3442 12
3700 4392
+8 1464
-3 2928
+3 18201
+3 2928
+2 170
-1 170
+1 510
-37 159
+48 1294
-5 1294
+6 2588
+11 1294
-6 1294
+1 1294
+1 1294
+1 1294
+3 1294
+1 1294
+1 2588
+2 210
+1 210
+2 1470
+2 420
-2 210
+2 210
+1 420
-3 7588
+2 2168
-2 1084
+2 1084
+1 2168
3408 4
cfn=(316)
calls=1 4100 
* 793
* 3
+34 14
3803 40
cfn=(318) sysmalloc
calls=10 2286 
* 1669
+1 10
-1 10
+1 10
1908 40
3778 14539
-3 14539
+1 29078
+2 14539
-1 14539
+1 29078
+2 14539
-2 43617
+5 14539
-5 14539
+2 14539
1908 43617
3625 1
-4 1
+5 2
+9 1
-4 1
+1 1
+1 1
+1 1
+1 1
+2 1
+1 1
+2 1
+2 1
-2 6
+2 2
-2 1
+2 1
+1 3
+65 816
-97 14

fn=(306)
2894 12
+5 6
+1 6
+3 14
+2 6
cfn=(314)
calls=2 3317 
* 280
+3 2
-3 2
+3 2
+6 4
+1 8
+5 10
-17 12
+5 4
-7 1
+19 3
-19 1
cfi=(73)
cfn=(308)
calls=1 30 
* 58109

fn=(307)
2894 4
+5 2
+1 2
+3 7
+2 3
cfn=(314)
calls=1 3317 
* 1182
+3 1
-3 1
+3 1
+6 2
+1 4
+5 5
-17 6
+5 2

fn=(480) systrim.isra.2
2758 24
+10 6
-1 3
+1 3
+3 12
+2 6
+6 10
cfi=(76) /usr/src/debug/glibc-2.17-c758a686/malloc/morecore.c
cfn=(320) __default_morecore
calls=2 46 
* 90
* 2
+1 8
+34 1
+1 24
-23 6
cfi=(76)
cfn=(320)
calls=2 46 
* 136
+2 4
+1 4
+2 4
cfi=(76)
cfn=(320)
calls=2 46 
* 90
+2 2
+2 4
+3 4
+3 4
-1 2
+1 4
+2 4

fn=(318)
2286 90
+21 10
+11 10
-11 20
+11 10
+1 29
+79 9
+20 9
-19 18
+19 18
2724 18
+6 9
+3 9
-3 9
+3 18
+1 9
+3 27
-2 9
+2 18
+1 9
-1 9
-1 9
+1 9
+1 9
+2 9
+6 72
-6 1
+6 8
-21 18
2320 3
+14 4
+6 2
2469 18
+19 18
-19 45
+19 18
+8 9
-8 9
+8 9
2342 8
cfi=(86)
cfn=(368)
calls=1 32 
* 33
+2 3
+34 1
-5 3
+5 4
+3 1
+1 1
-1 1
+1 1
+1 2
2497 54
cfi=(76)
cfn=(320)
calls=9 46 
* 582
+1 9
-1 9
+1 9
+3 36
+2 18
+1 18
+18 18
+25 18
+2 18
2400 9
2555 9
-6 9
+6 25
+1 40
+2 6
+42 3
+19 1
+3 2
+1 4
+3 1
-3 1
+3 2
cfi=(76)
cfn=(320)
calls=1 46 
* 45
+12 3
+5 2
+1 4
+35 1
+1 1
-2 1
+1 2
+12 1
-12 1
+1 2
+11 1
2379 2
2548 5
+10 2

fn=(446)
2964 351
+7 78
+1 78
+4 228
+4 76
+5 38
-2 38
+2 38
+2 38
-2 38
+2 76
+3 111
+6 152
+1 76
+7 456
+2 76
2854 1
+1 1
-1 1
+12 1
-12 1
+9 5
+3 2
+3 10
cfi=(89)
cfn=(518)
calls=1 81 
* 6
+3 4
+9 1
-2 1
-5 1
+5 2
+2 1
+1 1
-3 1
+4 1
-1 1
+1 1
3012 1
+33 342
-57 39
+36 222
+2 222
cfn=(452)
calls=37 4204 
* 1705863
* 37
+2 148
+4 148
2884 2
+89 1
+72 7
-72 1
cfi=(73)
cfn=(448)
calls=1 37 
* 439

fn=(410)
2930 2829680
+1 2829680
+5 2829680
+5 1414840
-2 1414840
+2 2829680
+16 4244517
+1 4244517
cfn=(412) _int_free
calls=1414839 3817 
* 104241478
-14 3
+1 2
+1 2
+2 1
+1 1
-1 1
+1 1
+1 2
2825 2
+1 1
+6 1
-7 1
+7 6
+7 1
+1 1
+5 1
cfi=(89)
cfn=(400)
calls=1 81 
* 5

fn=(452)
4204 342
+16 114
+1 152
+15 76
+1 114
+1 76
+1 76
+6 76
+8 76
+12 33
-1 66
+2 4
-1 8
+9 90
cfn=(314)
calls=30 3317 
* 1506389
+1 30
-1 30
+1 30
+4 30
-1 30
+6 60
+5 145
cfi=(96)
cfn=(454)
calls=29 61 
* 194990
3830 87
+6 116
+1 58
+13 116
+13 58
+11 3
+1 3
1915 3
3901 3
+1 2
+1 1
+3 1
-3 1
+9 2
-5 2
+14 2
+2 1
+2 6
+2 3
4269 72
+32 8
+2 8
+6 10
-1 5
+1 10
+1 25
+3 5
3830 15
+6 20
+1 10
+13 20
+13 10
+75 10
+10 5
-4 5
+4 10
+6 10
+8 15
+6 10
+1 10
+1 10
1915 15
3979 10
+7 10
+5 8
+13 4
-1 4
+2 8
+7 4
-2 4
+1 4
+1 4
+2 3
+1 3
+2 3
+1 3
+2 9
+1 3
+30 6
-34 1
+1 1
+2 3
+1 1
+30 4
+1 2
+3 2
4318 5
+1 342
3938 56
+10 28
-4 28
+4 56
+6 56
+8 84
+6 56
+1 56
+1 56
1915 84
3979 56
+1 1
+2 1
-1 1
+2 17
+3 56
+5 56
+4 26
+9 26
-1 26
+2 52
-1 2
-1 2
+2 4
+7 28
-2 28
+1 28
+1 28
+2 21
+1 21
+2 21
+1 21
+2 63
+1 21
+30 63
-34 7
+1 7
+2 21
+1 7
+30 21
+1 8
+3 12
4279 2
+6 1
+16 2
+2 2
-48 5
-1 5
-1 10
+3 20
+2 4
-2 4
+2 4
-2 8
+1 4
+3 4
-4 4
+1 4
+1 4
+2 4
3995 8
4309 5
+1 10
3992 34
+1 4
+64 5
+2 4
cfn=(480)
calls=1 2758 
* 215
* 1
-27 1
+1 3
+1 2
+23 24
+2 4
cfn=(480)
calls=1 2758 
* 27
* 1
3956 15
-2 10
+2 84
-2 56
+38 24

fn=(412)
3817 14148390
+13 4244517
+6 5659356
+1 2829678
+13 5659356
+13 2829678
+11 5659256
+1 4244442
1915 1414814
3899 1414814
1915 2829628
3901 4244442
+1 2829628
+1 1414814
+3 1414814
-3 1414814
+9 4244442
-5 4244442
+14 5658968
+2 1414814
+2 8488884
+2 5658968
4083 11318512
3938 50
3828 25
3939 50
+9 25
-4 25
+4 50
+6 50
+8 75
+6 50
+1 50
+1 50
1915 75
3979 50
+1 1
+2 1
-1 1
+2 14
+3 50
+5 48
+4 24
+9 24
-1 24
+2 48
+7 24
-2 24
+1 24
+1 24
+2 1
+1 1
+2 1
+1 1
+2 3
+1 1
+30 2
-34 23
+1 23
+2 69
+1 23
+30 48
+1 4
+3 6
+16 50
+2 100
+10 200
3940 150
+1 50
4057 10
+2 4
cfn=(480)
calls=1 2758 
* 215
* 1
-27 1
+1 3
+1 2
+19 4
cfn=(316)
calls=2 +47 
* 957928
* 2
-97 75
-2 50

fl=(76)
fn=(320)
46 16
+1 16
cfi=(77)
cfn=(322)
calls=16 -13 
* 815
+2 48
+2 48

fl=(78)
fn=(324)
31 27
-3 27
+3 189
+8 27
-6 54
+7 27

fl=(63) /usr/src/debug/glibc-2.17-c758a686/csu/../csu/libc-start.c
fn=(248) (below main)
132 7
+4 1
-4 3
+4 7
+62 1
-62 1
+62 1
+1 4
cfi=(64)
cfn=(250)
calls=1 56 
* 61
+22 6
+3 2
+1 5
cob=(5)
cfi=(60)
cfn=(254)
calls=1 0 
* 64
+4 4
+15 2
+9 2
cfi=(65)
cfn=(280)
calls=1 31 
* 30
+1 2
+5 2
+1 2
+3 2
+3 6
cob=(5)
cfi=(68)
cfn=(286)
calls=1 14 
* 2410734837
+34 2
cfi=(106) /usr/src/debug/glibc-2.17-c758a686/stdlib/exit.c
cfn=(534) exit
calls=1 98 
* 1940

fl=(84) /usr/src/debug/glibc-2.17-c758a686/libio/filedoalloc.c
fn=(362) _IO_file_doallocate
95 10
+15 8
fi=(87)
959 6
+2 4
+1 4
fe=(84)
110 6
cfi=(80) /usr/src/debug/glibc-2.17-c758a686/libio/fileops.c
cfn=(364) _IO_file_stat
calls=2 1224 
* 28
* 4
+2 8
+11 9
-14 1
+18 6
cfi=(86)
cfn=(368)
calls=1 -95 
* 33
* 6
cfi=(86)
cfn=(368)
calls=1 -95 
* 33
* 4
+1 10
cfi=(79)
cfn=(370) _IO_setb
calls=2 381 
* 42
+1 2
+1 13
-13 1
fi=(113) /usr/src/debug/glibc-2.17-c758a686/libio/../sysdeps/unix/sysv/linux/sys/sysmacros.h
-71 6
fe=(84)
+71 1
-2 2
-37 1
+1 1
-1 1
+1 1
cfi=(101)
cfn=(494)
calls=1 -55 
* 23
+38 1
-37 1
+37 2

fl=(59)
fn=(228)
26 8
+5 8
-5 72
+7 8
-7 16
+7 8
+7 10
+1 10
-8 20
+2 54
+2 54
-2 54
+1 162
+1 108
cfi=(58)
cfn=(230)
calls=54 +84 
* 324
+1 108
+1 44
-6 88
+14 8
-1 8
+1 56

fl=(71) /usr/src/debug/glibc-2.17-c758a686/libio/iofopen.c
fn=(302) __fopen_internal
61 6
+8 1
-8 2
+8 1
cfi=(72)
cfn=(306)
calls=1 2894 
* 58122
* 1
+2 1
-2 1
+2 1
+3 1
+3 5
-3 1
+3 1
cfi=(79)
cfn=(326) _IO_no_init
calls=1 603 
* 58
+4 1
+1 1
-1 1
+1 1
cfi=(80)
cfn=(330) _IO_new_file_init_internal
calls=1 +61 
* 95
+4 5
cfi=(80)
cfn=(334) _IO_file_fopen@@GLIBC_2.2.5
calls=1 256 
* 127
* 1
+1 1
-1 1
+6 5
-5 1
cfn=(342) __fopen_maybe_mmap
calls=1 -46 
* 4

fn=(300) fopen@@GLIBC_2.2.5
97 2
cfn=(302)
calls=1 -36 
* 58446

fn=(342)
41 1
-2 1
+2 1
+15 1

fl=(110) /usr/src/debug/glibc-2.17-c758a686/posix/../sysdeps/unix/sysv/linux/_exit.c
fn=(596) _Exit
27 2
+4 1
+2 2

fl=(98)
fn=(478)
59 11
+6 11
+1 11
+1 11
+1 11
+1 11
+1 4
+57 10
+2 10
+1 10
+1 10
+2 8
+1 8
+1 8
+1 8
+1 8
+1 8
+1 8
+1 8
+1 8
+1 8
+1 8
+1 8
+51 8
+2 8
+1 8
+1 8
+1 8
+1 8
+1 8
+1 8
+1 8
+1 8
+1 8
+1 8
+1 8
+1 8
+1 8
+1 8
+1 8
+1 8
+1 8
+1 8
+1 8
-19 621
+1 621
+1 621
+1 621
+1 621
+1 621
+1 621
+1 621
+1 621
+1 621
+1 621
+1 621
+1 621
+1 621
+1 621
+1 621
+1 621
+1 621
+1 621
+1 621
+2 8
+1 8
+1 8
+1 8
+1 32
1575 2
+1 2
+2 2
+1 2
+1 2
+1 2
+1 2
+1 2
+1 2
+6 2
+3 2
+1 2
+1 2
+1 2
+5 2
+1 2
+1 2
+2 2
+1 2
+1 2
+39 2
+2 2
+2 2
+1 2
+1 2
+1 2
+1 2
+1 2
+1 2
+1 2
+1 2
+1 2
+1 2
+1 2
+1 2
+1 2
+1 2
+1 2
+1 2
+1 2
+1 2
+1 2
+1 2
+1 2
+1 2
+1 2
-23 1916
+1 1916
+1 1916
+1 1916
+1 1916
+1 1916
+1 1916
+1 1916
+1 1916
+1 1916
+1 1916
+1 1916
+1 1916
+1 1916
+1 1916
+1 1916
+1 1916
+1 1916
+1 1916
+1 1916
+1 1916
+1 1916
+1 1916
+1 1916
+2 2
+1 2
+1 2
+1 2
+1 8
2262 1
+1 1
+2 1
+1 1
+2 1
+1 1
+2 1
+1 1
+2 1
+1 1
+2 1
+1 1
+2 1
+1 1
+2 1
-15 1
+1 1
+2 1
+1 1
+2 1
+1 1
+2 1
+1 1
+2 1
+1 1
+2 1
-9 9
+1 9
+2 9
+1 9
+2 9
+1 9
+2 9

fl=(108) /usr/src/debug/glibc-2.17-c758a686/stdlib/cxa_finalize.c
fn=(570) __cxa_finalize
30 3
+17 1
-17 5
+4 4
+4 6
-4 3
+32 4
+4 6
-4 3
+12 2
+3 1
-2 1
+2 6
-2 1
cfi=(109) /usr/src/debug/glibc-2.17-c758a686/nptl/../nptl/sysdeps/unix/sysv/linux/unregister-atfork.c
cfn=(572) __unregister_atfork
calls=1 -44 
* 7

fl=(88) /usr/src/debug/glibc-2.17-c758a686/libio/iofclose.c
fn=(388) fclose@@GLIBC_2.2.5
39 3
+14 1
-14 1
+14 3
+3 18
+4 3
-3 2
fi=(87)
887 2
+1 3
fe=(88)
62 1
fi=(87)
959 3
+2 2
+1 2
fe=(88)
62 3
cfi=(80)
cfn=(404) _IO_file_finish@@GLIBC_2.2.5
calls=1 207 
* 36
+1 3
+18 6
+2 1
+1 2
cfi=(72)
cfn=(410)
calls=1 2930 
* 114
* 1
+4 5
-10 2
-24 1
cfi=(79)
cfn=(390) _IO_un_link
calls=1 +6 
* 80
* 3
+4 2
cfi=(80)
cfn=(392) _IO_file_close_it@@GLIBC_2.2.5
calls=1 165 
* 120
* 3
fi=(87)
888 6
fe=(88)

fl=(106)
fn=(534)
98 2
+1 2
-1 1
+1 1
cfn=(536) __run_exit_handlers
calls=1 -63 
* 1934

fn=(536)
36 9
+5 6
+4 3
-4 3
+4 3
+3 1
-1 1
+2 5
+33 1
+1 1
-1 1
+1 1
+6 2
+1 5
cfi=(79)
cfn=(584) _IO_cleanup
calls=1 948 
* 286
* 3
+2 2
cfi=(110)
cfn=(596)
calls=1 -65 
* 5
-19 1
+4 2
-2 2
+2 1
cob=(1)
cfi=(107)
cfn=(538)
calls=1 +55 
* 1589
+1 1

fl=(66)
fn=(282)
26 1
+9 1
+1 2
+1 1
+4 1
+1 1
+1 1
+1 1
+1 1
+2 2
+2 1
+1 1
+1 1
+2 2
+2 1
+9 1
cfi=(67) /usr/src/debug/glibc-2.17-c758a686/setjmp/sigjmp.c
cfn=(284) __sigjmp_save
calls=1 -35 
* 9

fl=(80)
fn=(492) _IO_file_overflow@@GLIBC_2.2.5
802 4
+1 3
+7 3
+35 2
+3 2
+3 3
+1 3
+1 2
+4 1
+1 4
-45 2
+12 2
+9 4
+8 1
-4 1
+3 2
-2 2
-3 1
+1 2
+5 1
-1 1
+1 3
-27 2
cfi=(79)
cfn=(360) _IO_doallocbuf
calls=1 395 
* 185
+1 6

fn=(508) _IO_do_write@@GLIBC_2.2.5
493 181
+2 362
-2 905
+2 181
+9 724
+7 724
+8 181
fi=(87)
961 362
+1 362
fe=(80)
519 724
cfn=(510) _IO_file_write@@GLIBC_2.2.5
calls=181 1251 
* 7783
* 181
+1 543
+6 181
-4 181
+4 181
-4 543
+1 362
+3 362
-2 181
-29 362
+1 543
-1 181
+1 181
-1 181
+1 362
+29 543
-4 724

fn=(376) _IO_file_read
1211 60
cfi=(81)
cfn=(378)
calls=15 81 
* 105

fn=(510)
1251 1267
+2 905
+11 181
+1 181
-12 362
+5 181
-1 543
+1 362
cfi=(81)
cfn=(512)
calls=181 81 
* 1267
+1 362
+9 543
+3 1629

fn=(330)
143 1
+4 1
-4 3
+5 1
-1 1
+3 1
cfi=(79)
cfn=(332) _IO_link_in
calls=1 -52 
* 82
+1 1
+1 4

fn=(358) _IO_file_underflow@@GLIBC_2.2.5
532 120
+8 45
+6 45
+3 30
+13 30
fi=(87)
888 45
fe=(80)
582 30
cfi=(79)
cfn=(374) _IO_switch_to_get_mode
calls=15 176 
* 360
+11 15
-5 15
fi=(87)
961 15
fe=(80)
588 30
fi=(87)
961 15
fe=(80)
589 15
+2 15
fi=(87)
962 15
fe=(80)
590 30
fi=(87)
962 15
fe=(80)
593 60
cfn=(376)
calls=15 1211 
* 165
+2 30
+10 15
-3 15
+3 30
+2 30
+1 165
-56 3
+5 2
cfi=(79)
cfn=(360)
calls=1 395 
* 143
* 2

fn=(364)
1224 2
+1 6
cfi=(85) /usr/src/debug/glibc-2.17-c758a686/io/../sysdeps/unix/sysv/linux/wordsize-64/fxstat.c
cfn=(366) _fxstat
calls=2 35 
* 20

fn=(592) _IO_file_setbuf@@GLIBC_2.2.5
451 2
+1 1
cfi=(79)
cfn=(594) _IO_default_setbuf
calls=1 +71 
* 67
* 2
+4 2
-1 2
+2 3
+2 1
+1 2

fn=(404)
207 4
+1 2
+7 1
-1 2
+1 2
-1 1
cfi=(79)
cfn=(406) _IO_default_finish
calls=1 639 
* 24

fn=(392)
165 3
+2 1
-2 1
+2 2
+4 1
+3 1
-3 1
-1 2
+6 1
+3 1
-3 1
cfi=(79)
cfn=(394) _IO_unsave_markers
calls=1 1047 
* 9
+3 2
+4 3
+9 5
cfi=(79)
cfn=(370)
calls=1 381 
* 39
+1 2
+3 1
-3 1
+1 3
+2 1
cfi=(79)
cfn=(390)
calls=1 60 
* 10
+5 2
-4 1
+1 1
+1 1
+2 1
+1 4
-23 1
fi=(87)
959 3
+2 2
+1 2
fe=(80)
179 2
cfn=(396) _IO_file_close
calls=1 1245 
* 7
* 2

fn=(506) _IO_file_sync@@GLIBC_2.2.5
863 728
+5 728
+1 905
+1 182
+1 364
+17 182
+4 182
-4 182
+4 546
-23 362
cfn=(508)
calls=181 493 
* 18281
* 543

fn=(334)
256 1
+12 1
-12 8
+11 3
+2 4
426 8
277 2
-20 1
+37 22
-2 2
+43 1
224 1
+1 2
-1 1
+4 1
cfi=(81)
cfn=(336)
calls=1 81 
* 7
* 1
+4 2
+3 1
-1 1
+1 2
+3 2
-3 1
+3 1
+10 2
cfi=(79)
cfn=(332)
calls=1 98 
* 11
355 3
cfi=(82)
cfn=(340)
calls=1 53 
* 25
* 1
+1 3
-62 2
-21 1
-1 1
-15 2

fn=(396)
1245 2
cfi=(81)
cfn=(398)
calls=1 81 
* 5

fl=(54)
fn=(214)
30 4
+1 5
+2 3
cfi=(55)
cfn=(216)
calls=1 -8 
* 33
+4 5
+1 3
+2 4

fl=(56)
fn=(218)
32 5
+2 1
-2 2
+2 3
+2 5

fl=(45)
fn=(176)
30 1
+1 1
+1 1
+1 1
+2 1

fl=(103)
fn=(504)
32 724
+1 362
+6 2896
+1 181
fi=(87)
959 543
+2 362
+1 362
fe=(103)
40 362
cfi=(80)
cfn=(506)
calls=181 863 
* 23168
* 724
fi=(87)
887 362
+1 1629
fe=(103)
44 905

fl=(109)
fn=(572)
35 1
-8 2
+11 2
+82 2

fl=(42)
fn=(170)
100 1
+2 1
+1 1
+1 1
+9 1

fn=(178)
120 1
+2 1
+1 1
+1 1
+9 1

fl=(67)
fn=(284)
29 2
-1 2
+1 2
+5 3

fl=(47)
fn=(182)
30 1
+1 1
+3 2
-3 4
+3 1
cfi=(44)
cfn=(174)
calls=1 -7 
* 7
+1 3
+1 3

fl=(93)
fn=(426)
57 193796
+1 193796
+1 193796
+1 193796
+1 193796
+2 193796
+1 193796
+8 146952
+10 193796
+1 193796
+1 193796
+1 193796
+1 193796
+1 193796
+1 193796
+1 193796
+1 193796
+1 193796
+1 193796
+1 193796
+1 193796
+1 240640
+3 46844
+1 46844
+1 46844
+1 46844
+1 46844
+1 46844
+1 46844
-6 21
+1 21
+1 21
+1 21
+1 21
+1 21
+1 21
+1 46844

fl=(46)
fn=(180)
27 1
+1 1
+1 1
+1 1
+1 1
+2 1
+1 1
+5 1

fl=(100)
fn=(488)
25 181
+3 181
-3 362
+3 2715
+1 1263
fi=(87)
887 362
+1 1448
fe=(100)
32 543
-3 3
cfi=(79)
cfn=(490) __overflow
calls=1 229 
* 260
* 2

fl=(79)
fn=(328) _IO_old_init
590 1
-16 1
+1 1
+15 1
+5 1
-21 1
+2 1
+1 1
+1 1
+17 1
-16 1
+1 1
+1 1
+1 1
+1 1
+1 1
+2 1
+1 1
+1 1
+1 1
+6 1
+1 4

fn=(354)
349 60
+2 46
+6 75
+3 30
+2 30
+6 30
+7 15
fi=(87)
959 45
+2 30
+1 30
fe=(79)
375 15
+1 15
-1 15
+1 30
-1 15
cfn=(356) _IO_default_uflow
calls=15 +38 
* 1905
-24 28
+22 45

fn=(370)
381 15
+1 14
+3 3
+2 12
-3 3
+3 6
+3 12
-7 7
cfi=(89)
cfn=(400)
calls=1 81 
* 5
* 4

fn=(406)
639 2
+2 3
+6 3
+3 3
+6 1
+6 1
-6 1
cfn=(390)
calls=1 60 
* 10

fn=(326)
603 9
+1 1
cfn=(328)
calls=1 -14 
* 25
+3 1
-2 1
+2 1
+2 1
+1 1
+1 1
+1 1
+1 1
+1 1
+1 1
+1 1
+1 1
+1 1
+1 1
+1 1
+2 1
+3 1
+1 6

fn=(360)
395 6
+1 2
-1 2
+1 2
+6 8
-4 6
+1 2
fi=(87)
959 6
+2 4
+1 4
fe=(79)
399 4
cfi=(84)
cfn=(362)
calls=2 95 
* 278
* 4

fn=(374)
176 60
+1 45
+3 45
+5 15
-1 30
+1 15
+7 15
-4 15
+2 30
+2 15
+1 15
+1 60

fn=(390)
60 12
+1 6
+4 6
+1 10
+2 1
-2 1
+1 1
+1 19
+2 3
+2 2
+13 1
+2 1
-2 1
+2 4
+2 1
-1 1
+1 6
+1 2
+3 12
-6 6
-13 1
+1 1
-1 2

fn=(490)
229 2
+2 3
+1 1
+1 1
fi=(87)
959 3
+2 2
+1 2
fe=(79)
233 1
+1 2
-1 1
cfi=(80)
cfn=(492)
calls=1 802 
* 242

fn=(584)
948 1
+3 1
-3 6
+3 1
cfn=(586) _IO_flush_all_lockp
calls=1 760 
* 92
-63 1
+63 1
-63 2
fi=(87)
+71 2
fe=(79)
-59 1
fi=(87)
+59 2
fe=(79)
-69 9
+2 2
-1 4
+3 4
+6 16
+8 5
+10 1
fi=(87)
+43 2
+1 2
fe=(79)
-44 4
cfi=(80)
cfn=(592)
calls=1 451 
* 82
+3 2
+7 3
-40 9
+75 9
-53 1
+4 1
-4 1
+2 1
+1 1
+1 1
-2 1
+3 4
+6 3
+1 8

fn=(356)
413 15
fi=(87)
959 30
fe=(79)
413 15
fi=(87)
959 15
fe=(79)
413 30
+1 15
fi=(87)
961 30
+1 30
fe=(79)
414 30
cfi=(80)
cfn=(358)
calls=15 532 
* 1545
+1 30
+2 60
+1 60

fn=(394)
1047 1
+2 1
-2 1
+2 1
+19 3
+2 2

fn=(594)
523 1
fi=(87)
959 2
fe=(79)
523 2
fi=(87)
959 1
fe=(79)
523 5
+1 1
fi=(87)
961 2
+1 2
fe=(79)
524 2
cfi=(80)
cfn=(506)
calls=1 863 
* 17
* 2
+9 1
-7 1
+7 1
-7 1
382 1
528 1
+1 1
-1 1
+1 1
382 4
+7 1
-5 1
+1 1
+4 1
536 2
+2 1
-2 1
+1 3
+2 6

fn=(332)
98 8
+1 6
+4 1
-2 2
+2 5
+1 10
+2 1
-2 1
+1 1
+1 1
-2 1
+2 1
-2 1
+2 14
+2 1
-2 1
+4 1
+2 1
-3 1
-1 1
+4 7
+2 1
-1 1
+1 8
+1 2
+3 8
-6 7

fn=(586)
760 8
+6 3
+6 1
-11 1
+10 1
+2 2
fi=(87)
959 2
fe=(79)
777 1
fi=(87)
959 2
fe=(79)
776 3
-1 3
+1 3
+3 9
+10 6
+4 3
-2 3
+2 6
+7 3
-27 6
+31 2
+2 3
+4 9
-31 12

fl=(43)
fn=(172)
36 1
+1 1
+3 2
-3 4
+3 1
cfi=(44)
cfn=(174)
calls=1 -13 
* 7
* 3
+1 3

fl=(102)
fn=(496)
38 1
-4 1
+4 13

fl=(85)
fn=(366)
35 2
-1 2
+1 2
+1 12
+4 2

totals: 2410879868
